6.780452945456402e-16, -0.14866246953622225, 0.9888879967677794
-3.021212113339123e-05, -0.14873576364125207, 0.988876975008156
-5.492566138542449e-05, -0.14892881675727446, 0.9888479177924429
-9.039962874623602e-05, -0.14924554666529097, 0.98880016111876
-0.00031947436932432035, -0.15002493741110573, 0.9886821613091445
0.03700869522982596, -0.12254260693508179, 0.9917729911441127
0.06274208407353704, -0.10155839050762173, 0.9928490943761851
0.08505023751690804, -0.0806466153328159, 0.9931075372454276
0.10569064892025747, -0.057913027601243595, 0.992711220831553
0.12688731559169558, -0.031355727671428836, 0.9914214177049679
0.14988210973033, 0.0002837086533488368, 0.9887038346705171
0.14903565357630402, 6.415062707771933e-05, 0.9888318208106882
0.14871492012913587, 2.5904500721270475e-05, 0.9888801099526381
0.14870289487808466, -2.3023406985903972e-05, 0.988881918393091
0.14904482516131395, -6.499987100642266e-05, 0.9888304383804385
0.14559716427997524, 0.005951184094326724, 0.9893260580625103
0.10480622358544554, 0.05895712834063262, 0.9927435280653225
0.06858089879634281, 0.09639552335256348, 0.992977624822368
0.02364118248851168, 0.13270059855446922, 0.9908741825448026
-6.65948897843456e-05, 0.14906143752884932, 0.9888279341760899
-2.3388757669006363e-17, 0.1486624695362177, 0.9888879967677802
-2.3388757669006363e-17, 0.1486624695362177, 0.9888879967677802
3.0212121132110332e-05, 0.148735763641242, 0.9888769750081575
5.492566138194488e-05, 0.14892881675724381, 0.9888479177924475
9.039962873593562e-05, 0.14924554666522005, 0.9888001611187704
0.00031947436932513475, 0.15002493741058756, 0.988682161309223
-0.037008695221350384, 0.12254260694164973, 0.9917729911436173
-0.06274208406512628, 0.10155839051492996, 0.9928490943759689
-0.0850502375054225, 0.0806466153444995, 0.9931075372454624
-0.10569064890571025, 0.05791302761845707, 0.9927112208320976
-0.12688731557141728, 0.031355727698054434, 0.9914214177067213
-0.14988210973157806, -0.0002837086536868751, 0.9887038346703277
-0.14903565357664186, -6.415062710783452e-05, 0.9888318208106371
-0.1487149201292507, -2.59045007472637e-05, 0.9888801099526208
-0.14870289487799063, 2.3023406961811953e-05, 0.9888819183931051
-0.1490448251611019, 6.499987098566341e-05, 0.9888304383804704
-0.145597164297776, -0.0059511840694428, 0.9893260580600403
-0.10480622359147136, -0.058957128333540186, 0.9927435280651076
-0.06858089880226638, -0.09639552334721894, 0.9929776248224775
-0.023641182494692055, -0.13270059854987118, 0.9908741825452707
6.659488979004565e-05, -0.14906143752889453, 0.9888279341760831
1.0562718788678716e-17, -0.14866246953622225, 0.9888879967677795
3.4259864099112616e-15, -0.3590016841023624, 0.9333369117374858
-0.0012311317385856166, -0.36065548807394904, 0.9326982916446152
0.14165981710523795, -0.2530275432054762, 0.9570316392873913
0.2484882984808078, -0.1469096023996883, 0.9574294408680352
0.36049104414230954, 0.0006149833301439163, 0.9327624718483754
0.35940838289148186, 0.00030679617725324585, 0.933180325651712
0.35904362274633744, 0.00010813424551906182, 0.9333207729779567
0.3590949457787957, -0.0001557329326603548, 0.9333010209269984
0.35963376614428866, -0.00040136890093965034, 0.9330934536003779
0.34122455901397336, 0.02751778738757167, 0.9395789331945515
0.2849420915866562, 0.1030272408428053, 0.9529918111329919
0.2368926164107591, 0.1600225393617011, 0.958266494867841
0.18762742113536676, 0.21116777149840507, 0.9592727052921337
0.13448143716208655, 0.25915175128272067, 0.9564283103640955
0.07295925072077662, 0.3082182273615734, 0.9485138228072126
-0.0014845681646238874, 0.36095504850062726, 0.9325820333993543
-0.00046254757922414836, 0.3597444136133953, 0.9330507718895533
-0.00030709544813888344, 0.3594092620031391, 0.933179986968615
-0.0002183561104465644, 0.35919384742042004, 0.9332629491713067
-0.0001201432249247701, 0.3590546304941334, 0.9333165368117757
-1.0051348720075522e-17, 0.3590016841023605, 0.9333369117374867
-1.0051348720075677e-17, 0.3590016841023591, 0.9333369117374873
0.0012311317385536676, 0.36065548807389036, 0.932698291644638
-0.14165981709765108, 0.25302754321199494, 0.9570316392867908
-0.24848829848766882, 0.14690960239180875, 0.9574294408674635
-0.3604910441702355, -0.0006149833720634645, 0.9327624718375549
-0.35940838289134186, -0.0003067961772045925, 0.933180325651766
-0.3590436227462696, -0.0001081342454449198, 0.933320772977983
-0.3590949457789166, 0.00015573293275801997, 0.9333010209269518
-0.35963376614472664, 0.00040136890116204227, 0.9330934536002088
-0.3412245589726944, -0.02751778744647333, 0.9395789332078178
-0.28494209155736544, -0.1030272408797178, 0.9529918111377593
-0.23689261637783118, -0.16002253939833544, 0.9582664948698635
-0.18762742110365246, -0.21116777152906732, 0.9592727052915873
-0.13448143713291957, -0.25915175130741847, 0.9564283103615047
-0.07295925069009497, -0.30821822738471993, 0.9485138228020512
0.0014845681640208396, -0.36095504849979976, 0.9325820333996756
0.00046254757914535884, -0.35974441361325177, 0.9330507718896088
0.00030709544812088834, -0.3594092620030905, 0.9331799869686339
0.0002183561104284325, -0.35919384742039656, 0.9332629491713157
0.00012014322492106345, -0.3590546304941293, 0.9333165368117774
5.337066905829158e-17, -0.3590016841023624, 0.9333369117374859
5.0366475473533456e-15, -0.4790697751831821, 0.8777768227208643
-0.0007845795190828857, -0.4792498024051106, 0.8776781934910088
0.13328201063924253, -0.3842086174703349, 0.913575198821364
0.26234063014967046, -0.27027913906490686, 0.9263512189008047
0.3761484522478034, -0.14342329940099138, 0.9153917735377108
0.47953454893469644, 0.001332244723591083, 0.8775219891843131
0.4791075322295219, 0.0003946185532019073, 0.8777561260607272
0.47907133733666996, 8.895149666128604e-05, 0.8777759656256747
0.4790904647159872, -0.00029843219915201444, 0.8777654798159027
0.4792524973424096, -0.0007902534465988529, 0.8776767168442796
0.4391367178375958, 0.059423761202369925, 0.8964528764254078
0.36941718473830043, 0.1517594117927802, 0.9167878841653274
0.30542531410623003, 0.22563134766907864, 0.9250977637267027
0.2392488271692331, 0.292673456688193, 0.9257981672310281
0.16750831685473616, 0.356440952388657, 0.9191794227705278
0.08174937824678503, 0.4232306217733384, 0.9023263710817818
-0.0015373953740568142, 0.47964824904977676, 0.8774595110880883
-0.000545931411909092, 0.47914865912534776, 0.8777335953564014
-0.00037189910222704435, 0.47910302743466937, 0.8777585948277534
-0.00020433436926749532, 0.47907882107794353, 0.8777718618422631
-3.1272791926282414e-19, 0.47906977518318844, 0.8777768227208606
-3.1272791926281783e-19, 0.4790697751831886, 0.8777768227208606
0.0007845795189019926, 0.4792498024050348, 0.8776781934910504
-0.1332820106237988, 0.384208617482512, 0.9135751988184959
-0.26234063014103565, 0.27027913907347567, 0.9263512189007499
-0.376148452246782, 0.14342329940226906, 0.9153917735379302
-0.47953454893479386, -0.0013322447237602416, 0.8775219891842596
-0.4791075322295318, -0.00039461855322310855, 0.8777561260607216
-0.4790713373366785, -8.895149669421353e-05, 0.8777759656256703
-0.4790904647159876, 0.00029843219911842466, 0.8777654798159026
-0.47925249734233216, 0.0007902534463968988, 0.8776767168443221
-0.4391367178511002, -0.05942376118304282, 0.8964528764200737
-0.36941718475563473, -0.15175941177147947, 0.9167878841618686
-0.3054253141290785, -0.22563134764437218, 0.9250977637251849
-0.2392488271921022, -0.2926734566665123, 0.9257981672319722
-0.16750831687889767, -0.3564409523684836, 0.9191794227739475
-0.08174937827621995, -0.4232306217519545, 0.902326371089145
0.0015373953746912192, -0.4796482490501244, 0.8774595110878974
0.0005459314119672423, -0.47914865912536597, 0.8777335953563914
0.0003718991022403785, -0.4791030274346625, 0.8777585948277572
0.0002043343692816856, -0.47907882107794447, 0.8777718618422629
7.846185514203841e-17, -0.47906977518318156, 0.8777768227208644
5.023498054740017e-15, -0.49999999999999317, 0.8660254037844427
-0.00044808660601978713, -0.4999439705654151, 0.8660576340600438
0.027993813944146972, -0.4812969564834522, 0.8761104873591152
0.15734027006814952, -0.38664596877556884, 0.9087072874388559
0.2527552254800902, -0.3027330961440142, 0.9189491109368176
0.3387906997628468, -0.21364214173160226, 0.9162848340066174
0.42259792982894295, -0.11137592541185014, 0.8994478266931029
0.5002719574816386, 0.0015279161623833017, 0.8658669840279687
0.4999518812121398, 0.00042019238822715296, 0.8660530814625622
0.4999981989079044, 9.67330847951649e-05, 0.8660264382405204
0.4999746795636546, -0.00031577154331120214, 0.8660399644840607
0.500077595053658, -0.0010778847653010657, 0.8659799288030771
0.44278847402155774, 0.08400909883191118, 0.892681823824766
0.367488963993684, 0.1805000564347436, 0.912344009116026
0.2957168941081498, 0.26005987967056526, 0.9191955056051788
0.21940778192634144, 0.33363046932042506, 0.9168156495016846
0.13503947636349856, 0.4044153874371364, 0.9045510125070575
0.01817826430027228, 0.48766957832430535, 0.8728390075403503
-0.0006298830976373703, 0.4999368188659513, 0.8660616493007159
-0.00031192492609402947, 0.49997534110761, 0.8660395839609005
0.0, 0.4999999999999968, 0.8660254037844404
0.0, 0.4999999999999968, 0.8660254037844404
0.00044808660603009323, 0.49994397056541545, 0.8660576340600437
-0.027993813952958815, 0.48129695647768395, 0.8761104873620026
-0.15734027007549686, 0.38664596876960733, 0.9087072874401204
-0.25275522549489643, 0.30273309612989036, 0.9189491109373983
-0.33879069978929255, 0.21364214170191193, 0.916284834003762
-0.4225979298717235, 0.1113759253551403, 0.8994478266800249
-0.5002719574807821, -0.0015279161604658835, 0.8658669840284668
-0.4999518812122025, -0.00042019238804166456, 0.866053081462526
-0.4999981989079291, -9.673308450994223e-05, 0.8660264382405061
-0.49997467956361635, 0.00031577154360739446, 0.8660399644840828
-0.5000775950547555, 0.0010778847679908637, 0.8659799288024398
-0.44278847394078213, -0.08400909894390667, 0.8926818238542925
-0.36748896392083047, -0.18050005652120474, 0.9123440091282654
-0.2957168940379969, -0.2600598797431249, 0.9191955056072194
-0.21940778185639262, -0.33363046938335045, 0.916815649495526
-0.1350394762900325, -0.404415387494622, 0.904551012492324
-0.01817826419899723, -0.48766957838948044, 0.8728390075060452
0.0006298830973767206, -0.49993681886591435, 0.8660616493007375
0.0003119249260312708, -0.4999753411076136, 0.8660395839608984
7.256327557595709e-17, -0.49999999999999317, 0.8660254037844426
4.73552866481929e-15, -0.4999999999999943, 0.8660254037844419
-0.000425482833990394, -0.4999351342522162, 0.866062746286074
0.02894801572488188, -0.4806715612702643, 0.8764227647497517
0.15738208109085416, -0.3866244149840375, 0.908709217676239
0.2525795071725932, -0.30290285438879544, 0.91894148527508
0.3385402947572401, -0.21393364991320052, 0.9163093703878057
0.4220525639781372, -0.11210800811161016, 0.8996129321862418
0.5002362466185786, 0.001471590850101525, 0.8658877132684853
0.4999440795595334, 0.00039943877887517844, 0.8660575949450665
0.4999978602116079, 9.233618640035917e-05, 0.8660266342658534
0.49997065343626446, -0.0002995422468201285, 0.8660422945658931
0.5000507019217572, -0.001031662192162229, 0.8659955145268822
0.44249426563167543, 0.08442154023133173, 0.8927887927321074
0.3675530286751624, 0.18043921014883815, 0.9123302376620972
0.29589798873919154, 0.25987375804024043, 0.9191898662094485
0.21967286083863805, 0.33340011308484496, 0.9168359715925096
0.1355220637379904, 0.404048424509254, 0.9046428250374761
0.0196266438762942, 0.4867362505045344, 0.873328470447941
-0.0006006193726060764, 0.49992166863733606, 0.8660704154300796
-0.00029636892171683017, 0.49997132119202653, 0.8660419101584875
0.0, 0.4999999999999962, 0.8660254037844408
0.0, 0.4999999999999962, 0.8660254037844408
0.00042548283388945464, 0.4999351342522534, 0.8660627462860526
-0.028948015620286136, 0.4806715613388769, 0.8764227647155761
-0.157382081010563, 0.3866244150492111, 0.908709217662416
-0.25257950708341254, 0.30290285447387383, 0.9189414852715484
-0.3385402946580592, 0.21393365002450407, 0.9163093703984629
-0.42205256385120427, 0.1121080082797567, 0.8996129322248381
-0.50023624662094, -0.0014715908553958328, 0.8658877132671121
-0.4999440795593929, -0.00039943877934024724, 0.8660575949451473
-0.4999978602115828, -9.233618706110659e-05, 0.8660266342658676
-0.49997065343640995, 0.0002995422461858994, 0.8660422945658093
-0.500050701919591, 0.0010316621865966921, 0.8659955145281395
-0.4424942657910678, -0.08442154001050052, 0.8927887926739893
-0.36755302880403123, -0.18043920999591456, 0.9123302376404244
-0.2958979888514693, -0.25987375792410317, 0.9191898662061393
-0.2196728609374159, -0.33340011299593514, 0.9168359716011738
-0.13552206382462556, -0.40404842444142824, 0.9046428250547911
-0.019626643984509702, -0.4867362504347068, 0.8733284704844263
0.0006006193728827117, -0.4999216686373669, 0.8660704154300616
0.0002963689217669772, -0.4999713211920104, 0.8660419101584969
4.462001479718702e-17, -0.4999999999999943, 0.8660254037844419
4.41011833405244e-15, -0.4999999999999954, 0.8660254037844413
-0.00030870494139661363, -0.49995897885347307, 0.8660490310398433
-0.00082751593392913, -0.49996579149874015, 0.8660447578205281
0.06079242337206642, -0.4592063195801725, 0.8862470520786989
0.1494736159738907, -0.3930143257834568, 0.9073022527563043
0.22094563721444066, -0.3322610695165582, 0.9169436226287949
0.2862161132999798, -0.26979833618707355, 0.9193961030361941
0.3477955639258132, -0.2034653839759899, 0.9152267933343236
0.4079611261034567, -0.13051871434999002, 0.9036219258034995
0.47710619693052364, -0.034357919443238884, 0.8781737927210218
0.49990658534327426, 0.0005843551434064247, 0.8660791329084739
0.49998487439037603, 0.00019297837542221928, 0.8660341148824257
0.4999790083387871, -0.0002256597635861399, 0.8660374935868735
0.4999978247854363, -0.0009182452021542809, 0.8660261728351984
0.431756732585772, 0.09912648841641418, 0.8965266661740122
0.34808322496399474, 0.20313660770586672, 0.9151904649352601
0.26424913290172364, 0.29165195967308094, 0.9192994779610935
0.1728828376708572, 0.3738950300170739, 0.9112156884993825
0.058870188764801185, 0.4605348560546856, 0.8856872739480265
-0.0004942316761559913, 0.499904456605438, 0.8660804177448375
0.0, 0.4999999999999956, 0.8660254037844412
0.0, 0.49999999999999567, 0.8660254037844412
0.0003087049414993338, 0.4999589788534404, 0.8660490310398622
0.0008275159355413726, 0.4999657914992906, 0.8660447578202088
-0.06079242349502346, 0.45920631949504115, 0.886247052114375
-0.14947361610320256, 0.39301432567987143, 0.9073022527798706
-0.22094563735682482, 0.3322610693880784, 0.9169436226410417
-0.28621611343453496, 0.26979833605041603, 0.9193961030344082
-0.34779556405495965, 0.2034653838284319, 0.9152267933180503
-0.4079611262385731, 0.13051871417605201, 0.9036219257676216
-0.4771061971043396, 0.034357919180741936, 0.8781737926368587
-0.4999065853431016, -0.0005843551417279982, 0.8660791329085745
-0.49998487439048606, -0.00019297837482377245, 0.8660341148823623
-0.499979008338685, 0.0002256597641603424, 0.8660374935869324
-0.4999978247867961, 0.0009182452058682134, 0.8660261728344093
-0.4317567324858899, -0.09912648855154685, 0.896526666207173
-0.3480832248941797, -0.2031366077856896, 0.9151904649440962
-0.2642491328362748, -0.29165195973686936, 0.9192994779596693
-0.17288283760815992, -0.37389503006926655, 0.9112156884898619
-0.058870188701146374, -0.46053485609860556, 0.8856872739294203
0.0004942316759594753, -0.49990445660545646, 0.8660804177448268
-1.785467603959081e-18, -0.4999999999999954, 0.8660254037844414
4.045422975540855e-15, -0.4999999999999965, 0.8660254037844406
-0.00022519515958109395, -0.4999724978797135, 0.8660412522802017
-0.0004098204484513031, -0.49990092908647077, 0.8660824978867101
-0.0012148356049046535, -0.500100343081273, 0.8659666108023139
0.0788810809415526, -0.44648067662734076, 0.8913095873308466
0.16575494545342329, -0.37980791493365196, 0.9100940862413538
0.23794518500993356, -0.3166930553809593, 0.9181980165541969
0.3044048565670783, -0.25100773386641057, 0.918875835375828
0.3675601862926405, -0.18046223552944296, 0.9123227997809961
0.431884916449026, -0.09896106575893987, 0.8964831991775823
0.5003048189776239, 0.0017057075512697901, 0.8658476648172682
0.49991452734764724, 0.00037606047743148926, 0.8660746641746865
0.4999970339295777, 8.270569286973935e-05, 0.8660271122900212
0.4999588895403433, -0.0002717067465353419, 0.8660490949969468
0.4999760418810858, -0.0008905186175925447, 0.8660387777239046
0.41980295403751244, 0.11510249098785293, 0.9002871188403004
0.3205718776022736, 0.23375910741957434, 0.9179272035346576
0.2160521862594798, 0.33666673140249825, 0.9165025721618337
0.09202140818657968, 0.43698374512101806, 0.8947498348339428
-0.000538181920101636, 0.49988715308149456, 0.8660903789699429
0.0, 0.49999999999999495, 0.8660254037844416
0.0, 0.49999999999999495, 0.8660254037844416
0.0002251951596146227, 0.4999724978797018, 0.8660412522802086
0.0004098204485355769, 0.4999009290864436, 0.8660824978867258
0.001214835606023504, 0.500100343081723, 0.8659666108020524
-0.07888108101534938, 0.44648067657459045, 0.8913095873507395
-0.16575494552394873, 0.3798079148756186, 0.9100940862527279
-0.23794518508905083, 0.3166930553073809, 0.918198016559072
-0.304404856657039, 0.2510077337718757, 0.9188758353718498
-0.36756018639664023, 0.1804622354060398, 0.9123227997635059
-0.4318849165825745, 0.09896106557819447, 0.8964831991331969
-0.5003048189757185, -0.0017057075466976877, 0.8658476648183783
-0.49991452734786945, -0.0003760604769961292, 0.8660746641745584
-0.4999970339296271, -8.270569234864254e-05, 0.8660271122899929
-0.4999588895402224, 0.00027170674692574855, 0.8660490949970165
-0.4999760418819404, 0.0008905186199880462, 0.8660387777234086
-0.41980295393381223, -0.1151024911246272, 0.9002871188711692
-0.3205718775223766, -0.23375910750612058, 0.9179272035405205
-0.21605218619061375, -0.3366667314641253, 0.9165025721554299
-0.09202140811840735, -0.43698374517082667, 0.8947498348166282
0.0005381819198580889, -0.499887153081485, 0.8660903789699486
-6.634073804348502e-17, -0.4999999999999965, 0.8660254037844407
3.639308116295585e-15, -0.49999999999999756, 0.8660254037844402
-0.00017396386774786585, -0.4999785396205494, 0.8660377761134185
-0.0003157705503732058, -0.4999221683058324, 0.8660702777057728
-0.0005335023375501491, -0.4998683900852423, 0.8661012111577052
0.02283017259397386, -0.4846632434188893, 0.874402838340551
0.12239611688432926, -0.41425120660395975, 0.9018952979136775
0.195381708777307, -0.35484661168038845, 0.9142810673169424
0.2601081026707694, -0.2956747349847445, 0.9191954231917789
0.32100188258135126, -0.23329893922144643, 0.9178940005999472
0.37951518506298504, -0.16612755221351702, 0.9101482630330915
0.44048275180379226, -0.08721967861502486, 0.893514226537916
0.5001741158807171, 0.0014454565696285133, 0.8659236481689643
0.4999040845381809, 0.0003458033541167296, 0.8660807044854907
0.4999949125097332, 9.143499500246137e-05, 0.8660283362015506
0.49996045720278876, -0.0002324200826938842, 0.8660482014382823
0.49995502275991177, -0.0008720515661889576, 0.8660509308021105
0.39338786823980865, 0.1490400193538459, 0.9072116940123424
0.27548898058141985, 0.28058327624285356, 0.9194448578740524
0.14404802861234672, 0.39736648392440166, 0.9062836437376848
-0.0008751194118647273, 0.49995607343546733, 0.8660503211713536
0.0, 0.49999999999999456, 0.8660254037844418
0.0, 0.49999999999999456, 0.8660254037844418
0.00017396386774771446, 0.4999785396205452, 0.8660377761134208
0.00031577055037119447, 0.4999221683058269, 0.866070277705776
0.0005335023375611478, 0.49986839008523976, 0.8661012111577067
-0.022830172600313378, 0.4846632434147708, 0.8744028383426683
-0.12239611689044583, 0.41425120659926695, 0.9018952979150028
-0.19538170878269517, 0.3548466116757344, 0.9142810673175971
-0.26010810267412476, 0.29567473498149754, 0.9191954231918739
-0.321001882582829, 0.23329893921984785, 0.917894000599837
-0.3795151850627419, 0.1661275522138162, 0.9101482630331382
-0.4404827518008438, 0.0872196786191013, 0.8935142265389718
-0.5001741158807831, -0.0014454565697835941, 0.865923648168926
-0.49990408453816887, -0.00034580335414370286, 0.8660807044854975
-0.4999949125097322, -9.143499505359081e-05, 0.8660283362015511
-0.4999604572028175, 0.000232420082628297, 0.8660482014382659
-0.49995502275964204, 0.0008720515653639507, 0.866050930802267
-0.39338786826576094, -0.14904001932142297, 0.9072116940064155
-0.2754889806059799, -0.2805832762184124, 0.9194448578741523
-0.14404802863854618, -0.3973664839036108, 0.9062836437426365
0.0008751194122360613, -0.49995607343559584, 0.866050321171279
-1.4868416440612256e-16, -0.49999999999999756, 0.86602540378444
3.1892893964332422e-15, -0.4999999999999985, 0.8660254037844395
-0.00015545052241981976, -0.49997669456211674, 0.866038844815794
-0.0002823425047821016, -0.49991552197873484, 0.8660741256771497
-0.0004626027861105948, -0.49984438666956954, 0.8661151050025535
0.012760420584688405, -0.49113990490048304, 0.8709872361182144
0.11302280470893143, -0.42139497909984625, 0.8998067110247437
0.18430163200806962, -0.364342052423214, 0.9128459767535827
0.24680791189380005, -0.30839246301847684, 0.9186838103395637
0.30532988374403736, -0.2500399855716159, 0.9188327746158158
0.3612060887733137, -0.1879882007735968, 0.9133403515683466
0.41672271092888913, -0.11917810477922997, 0.9011874175427153
0.4842129799189727, -0.023523574494668395, 0.874633884274433
0.4998461379637452, 0.00043808659854271893, 0.8661141070568362
0.4999762906002008, 0.00015670835179956802, 0.8660390778020101
0.49997901894351215, -0.00014803634342278561, 0.8660375042118696
0.49984415769004764, -0.0004851973262494775, 0.8661152247863337
0.41116616114733234, 0.12642205999100653, 0.9027512673350263
0.2923485365844853, 0.2635362306663437, 0.919282866305625
0.16185144652306516, 0.3830379269721373, 0.9094427171401609
-0.0010461157988582762, 0.49999693329161343, 0.8660265425151341
0.0, 0.49999999999999417, 0.8660254037844421
0.0, 0.49999999999999417, 0.8660254037844421
0.00015545052243044188, 0.49997669456210775, 0.8660388448157992
0.00028234250479784967, 0.499915521978715, 0.8660741256771611
0.00046260278620458375, 0.49984438666956127, 0.8661151050025582
-0.01276042062805749, 0.4911399048728355, 0.8709872361331693
-0.11302280474136511, 0.42139497907534285, 0.8998067110321454
-0.18430163203800773, 0.3643420523978205, 0.9128459767576733
-0.2468079119208456, 0.30839246299292083, 0.9186838103408769
-0.30532988376915565, 0.2500399855451834, 0.918832774614662
-0.3612060887973812, 0.18798820074539138, 0.9133403515646337
-0.41672271095396446, 0.11917810474636024, 0.9011874175354669
-0.4842129799542923, 0.023523574440319734, 0.8746338842563411
-0.49984613796377086, -0.00043808659832775986, 0.8661141070568216
-0.4999762906002326, -0.00015670835171839852, 0.8660390778019916
-0.4999790189434943, 0.00014803634349494933, 0.86603750421188
-0.4998441576900566, 0.000485197326433624, 0.8661152247863285
-0.4111661611310726, -0.12642206001208706, 0.90275126733948
-0.2923485365742954, -0.26353623067681015, 0.9192828663058651
-0.1618514465174129, -0.3830379269767597, 0.9094427171392201
0.0010461157988530118, -0.4999969332916071, 0.8660265425151377
-2.4839483514866586e-16, -0.4999999999999985, 0.8660254037844395
2.6924578129698585e-15, -0.49999999999999933, 0.866025403784439
-0.00017733984484261212, -0.499955900586069, 0.8660508449391134
-0.00033062192337050166, -0.499843516869237, 0.8661156674099232
-0.001307468823420181, -0.5000509764349201, 0.8659949835257469
0.08775255297076782, -0.44010663630317987, 0.8936473790757814
0.16460005497227817, -0.3808004996634089, 0.9098888950631395
0.23136124139664554, -0.3227981301661202, 0.9177545113703663
0.2930154388194978, -0.2628516431731483, 0.9192665371341399
0.3514664853355698, -0.19931198872937178, 0.9147382362373426
0.40864633227554925, -0.12969693906823632, 0.9034306166574563
0.4753793472424423, -0.03696141790551774, 0.8790041693881566
0.49981888056322604, 0.00041831505271378017, 0.8661298468734584
0.49997381774993666, 0.00013855402452210203, 0.8660405085025386
0.49997018192440185, -0.0001473329565878478, 0.8660426060416891
0.49982622687140815, -0.0005508494674599323, 0.866125533335876
0.4295244364165786, 0.10217738592362433, 0.897256117464147
0.3313425195055413, 0.2219968749742558, 0.9170220947552924
0.22940402931490303, 0.3245955863079459, 0.9176118442367055
0.1124799628054065, 0.4218144632543434, 0.8996781738803851
-0.000491430879915905, 0.4998184172150727, 0.8661300758594576
0.0, 0.4999999999999937, 0.8660254037844421
0.0, 0.4999999999999937, 0.8660254037844421
0.00017733984483753838, 0.49995590058606365, 0.8660508449391164
0.0003306219233647406, 0.49984351686923645, 0.8661156674099234
0.0013074688234239172, 0.5000509764349429, 0.8659949835257338
-0.0877525529716784, 0.4401066363025145, 0.8936473790760197
-0.1646000549786763, 0.3808004996581499, 0.9098888950641831
-0.23136124140446157, 0.32279813015892744, 0.9177545113709257
-0.29301543882847636, 0.26285164316391496, 0.9192665371339181
-0.3514664853458743, 0.19931198871752426, 0.9147382362359648
-0.40864633228803676, 0.12969693905212995, 0.9034306166541198
-0.4753793472629444, 0.03696141787469306, 0.8790041693783648
-0.49981888056324564, -0.0004183150525512606, 0.8661298468734471
-0.49997381774995986, -0.00013855402447683903, 0.8660405085025251
-0.4999701819243915, 0.000147332956617445, 0.8660426060416951
-0.49982622687140915, 0.00055084946749236, 0.8661255333358756
-0.42952443641219656, -0.10217738592952981, 0.8972561174655722
-0.33134251950138754, -0.2219968749788469, 0.9170220947556819
-0.22940402931137996, -0.3245955863111769, 0.9176118442364433
-0.11247996280214848, -0.42181446325680344, 0.8996781738796391
0.0004914308798970604, -0.4998184172150766, 0.8661300758594553
-3.6497989376373864e-16, -0.49999999999999933, 0.8660254037844392
2.14538494129584e-15, -0.5000000000000002, 0.8660254037844385
-0.00015768644932759464, -0.4999477263313675, 0.8660555675423371
-0.00029981852353024426, -0.4998154360672227, 0.8661318837092795
-0.0012379930199071993, -0.4999635354919378, 0.8660455707130453
0.09505099819440758, -0.43479006092383216, 0.8955014855733612
0.16874816325716918, -0.37739742814329563, 0.9105466702087037
0.23339402345127824, -0.32093007027889864, 0.9178949394173633
0.2934056295702984, -0.2624511274809393, 0.9192565160065174
0.35040262402844674, -0.20054828146247347, 0.9148761598579491
0.40606986554370444, -0.1330303264169353, 0.9041074032164107
0.46814898934551163, -0.04773834047786386, 0.8823590961865785
0.4997844885334258, 0.00044374749812389655, 0.8661496799685028
0.49996333926156894, 0.0001334191659164018, 0.8660465585600737
0.49996801687963915, -0.00012502824860984529, 0.8660438594351778
0.49979268404193156, -0.0005185036547573107, 0.8661449094303574
0.4254943647547764, 0.1075963614512764, 0.8985419125251618
0.32939658266284755, 0.2241511934400773, 0.9171990698912788
0.2291857368719984, 0.32480183091723996, 0.9175934114013939
0.11473174278714737, 0.42012299117670265, 0.9001851473345714
-0.0005075265708049014, 0.4997909972410689, 0.8661458892666742
0.0, 0.4999999999999935, 0.8660254037844424
0.0, 0.4999999999999935, 0.8660254037844424
0.0001576864492983968, 0.49994772633137885, 0.8660555675423307
0.00029981852343994865, 0.4998154360672705, 0.866131883709252
0.0012379930188347666, 0.4999635354915785, 0.8660455707132544
-0.0950509981316902, 0.4347900609698321, 0.8955014855576842
-0.1687481631988478, 0.3773974281915165, 0.910546670199526
-0.23339402339570636, 0.32093007033021087, 0.917894939413553
-0.2934056295152609, 0.2624511275375675, 0.9192565160079166
-0.3504026239732718, 0.20054828152577273, 0.9148761598652055
-0.4060698654852181, 0.13303032649201996, 0.9041074032316312
-0.46814898926618975, 0.047738340595044275, 0.8823590962223241
-0.49978448853346735, -0.000443747499133099, 0.8661496799684782
-0.49996333926141917, -0.00013341916618344156, 0.8660465585601602
-0.4999680168797994, 0.00012502824831571877, 0.8660438594350853
-0.49979268404159427, 0.0005185036526992338, 0.8661449094305533
-0.4254943648824166, -0.10759636128074797, 0.8985419124851393
-0.3293965827646089, -0.22415119332808056, 0.9171990698821034
-0.22918573695623704, -0.32480183084002234, 0.9175934114076867
-0.11473174285830619, -0.42012299112283374, 0.900185147350643
0.0005075265713358908, -0.4997909972411571, 0.8661458892666231
-4.978584809713199e-16, -0.5000000000000001, 0.8660254037844386
1.5440015855456172e-15, -0.5000000000000009, 0.866025403784438
-0.00019369453567795306, -0.4998612694106405, 0.8661054634544283
-0.0009554250377108852, -0.4998274375525034, 0.866124482873389
0.1024713677111773, -0.42932351617253695, 0.8973187489742149
0.18155011768746931, -0.3667145706134844, 0.9124472469504381
0.2507897364547877, -0.3046238804707539, 0.918862775138855
0.3154741114776967, -0.23927698406978481, 0.9182715338514126
0.3773296456930561, -0.1688491243773976, 0.9105560453251292
0.4410816331259198, -0.08642211418160231, 0.8932962616620275
0.49978847866010656, 0.0007201816497849515, 0.8661471918427072
0.4999269742663322, 0.00014512703014164685, 0.8660675489469947
0.49997572672419605, -8.67832478484575e-05, 0.8660394131650591
0.4997439036708357, -0.00038597543883930505, 0.8661731245927659
0.45096096727303325, 0.07260223438983875, 0.8895859270232264
0.3770445975197593, 0.16919367502954316, 0.9106101645661332
0.3059553116573135, 0.2493894108804679, 0.9188015395118629
0.2307486581451026, 0.3233730194423759, 0.9177063512153304
0.14826033277309325, 0.39407049789401843, 0.9070431722997379
0.043484263483381254, 0.47101939686556493, 0.8810504222833716
-0.00023163458335530033, 0.4998088007311429, 0.8661357336221134
0.0, 0.49999999999999334, 0.8660254037844425
0.0, 0.49999999999999334, 0.8660254037844425
0.00019369453565559953, 0.49986126941066256, 0.8661054634544154
0.000955425037391664, 0.4998274375524763, 0.866124482873405
-0.10247136767475132, 0.42932351619956327, 0.8973187489654437
-0.18155011764745405, 0.3667145706472728, 0.9124472469448204
-0.2507897364118704, 0.3046238805116065, 0.9188627751370251
-0.3154741114315257, 0.2392769841192684, 0.9182715338543804
-0.3773296456424908, 0.16884912443853653, 0.910556045334746
-0.44108163306199955, 0.0864221142699983, 0.8932962616850375
-0.4997884786604373, -0.000720181651346794, 0.8661471918425151
-0.499926974266124, -0.00014512703033897655, 0.8660675489471149
-0.4999757267243203, 8.678324764956519e-05, 0.8660394131649874
-0.49974390367085103, 0.0003859754380116001, 0.8661731245927574
-0.45096096733473345, -0.07260223430250486, 0.8895859269990761
-0.37704459756778047, -0.16919367497151172, 0.910610164557032
-0.3059553116978171, -0.24938941083781477, 0.9188015395099526
-0.23074865817995313, -0.3233730194103364, 0.9177063512178574
-0.148260332802029, -0.39407049787089626, 0.9070431723050537
-0.04348426351334684, -0.47101939684542893, 0.8810504222926576
0.00023163458339613876, -0.49980880073111866, 0.8661357336221273
-6.463411751127916e-16, -0.500000000000001, 0.8660254037844382
8.83440741158014e-16, -0.5000000000000016, 0.8660254037844378
-0.00010962438902963962, -0.4999227379891005, 0.8660699994942526
-0.00023123645301088115, -0.49972843270195666, 0.866182105609986
0.033828863518903164, -0.4774573221186805, 0.8780034815126179
0.1232293098016567, -0.4136734358211825, 0.9020470196734234
0.19243924041362914, -0.35744979530483695, 0.9138910124219166
0.25519529660027596, -0.30041510564718005, 0.9190354317936228
0.31434316498707293, -0.2404920425437472, 0.9183419581501471
0.3710086188773149, -0.17646295950143145, 0.911709070176854
0.4280780460297982, -0.10416061633469875, 0.8977191946884536
0.49732599732517113, -0.00297103271008159, 0.8675586581604495
0.4998197650845328, 0.00016105454413696625, 0.8661294224838898
0.4999997017852143, 8.35145415353258e-06, 0.8660255759184888
0.499842084871338, -0.00015130671846725675, 0.8661165437155389
0.4782866047494617, 0.03257355417744989, 0.8775995027832918
0.38489153275281607, 0.15965645240845847, 0.9090480324050724
0.29848111371385694, 0.2572071142181745, 0.9191047411213232
0.20544968564297153, 0.3461347906822516, 0.9154130943724578
0.09771799061849695, 0.43284615022477896, 0.8961559041512093
-0.0002810416379022042, 0.49970265739085523, 0.8661969609806508
0.0, 0.49999999999999317, 0.8660254037844426
0.0, 0.49999999999999317, 0.8660254037844426
0.00010962438902904148, 0.49992273798908643, 0.8660699994942606
0.0002312364530236358, 0.4997284327019368, 0.8661821056099973
-0.03382886353091963, 0.47745732211072484, 0.8780034815164811
-0.12322930981851005, 0.41367343580825255, 0.9020470196770507
-0.19243924043553903, 0.35744979528599036, 0.9138910124246744
-0.2551952966275008, 0.30041510562105106, 0.9190354317946041
-0.31434316501803605, 0.24049204251063788, 0.9183419581482191
-0.371008618912243, 0.17646295945972978, 0.9117090701707117
-0.42807804607282934, 0.10416061627686238, 0.8977191946746449
-0.49732599738555394, 0.0029710326136509384, 0.8675586581261654
-0.4998197650848105, -0.00016105454400238968, 0.8661294224837294
-0.49999970178523023, -8.35145395440091e-06, 0.8660255759184794
-0.4998420848710592, 0.00015130671858454804, 0.8661165437156998
-0.478286604640533, -0.032573554342510656, 0.8775995028365308
-0.38489153267789145, -0.1596564525004329, 0.9090480324206419
-0.298481113648783, -0.2572071142857447, 0.9191047411235469
-0.20544968558904367, -0.34613479072969067, 0.9154130943666232
-0.0977179905711343, -0.4328461502596536, 0.8961559041395292
0.0002810416377470096, -0.4997026573909163, 0.8661969609806157
-8.096033861541778e-16, -0.5000000000000016, 0.8660254037844377
1.5783199381919898e-16, -0.5000000000000022, 0.8660254037844374
-7.374645352125413e-05, -0.49991504025729144, 0.8660744466187716
-0.00015681600817921924, -0.49969130897339525, 0.8662035390975924
0.032820878942210356, -0.4781235183260594, 0.877679150446774
0.1306355045137564, -0.4079770715276715, 0.9035978497474092
0.20814148603061355, -0.3437724223187961, 0.9156951695002193
0.2787692929894486, -0.27730860980009037, 0.9194496267968705
0.34513844683649275, -0.20659415371085313, 0.915531707898634
0.40933580324542673, -0.1288812109547417, 0.9032352039442776
0.4835545347766268, -0.024536053257934433, 0.8749702817738918
0.499901339766095, 7.899683702440356e-05, 0.8660823542017023
0.499991276337069, -2.6044061358442456e-05, 0.8660304399433865
0.4998324438168893, -0.00010025891468851604, 0.866122114979283
0.4995749714688266, -0.0004271795807535459, 0.866270549770409
0.4271791277248369, 0.1053822376052397, 0.8980047755071017
0.35360204311196275, 0.1969123174548542, 0.9144348715691043
0.2783591512466866, 0.27771914952553645, 0.9194499752047619
0.19759274720377312, 0.35301192892814104, 0.9145160929622282
0.10618677877730624, 0.42657916724684797, 0.8981951803944872
-0.00023560114806432618, 0.4996296838643481, 0.866239068325662
0.0, 0.499999999999993, 0.8660254037844427
0.0, 0.499999999999993, 0.8660254037844427
7.374645351608276e-05, 0.49991504025728617, 0.8660744466187746
0.00015681600816478083, 0.499691308973403, 0.866203539097588
-0.032820878929865994, 0.4781235183341991, 0.8776791504428015
-0.13063550450592612, 0.4079770715337379, 0.9035978497458023
-0.2081414860248096, 0.3437724223239233, 0.9156951694996136
-0.27876929298591013, 0.27730860980363053, 0.9194496267968756
-0.3451384468354779, 0.20659415371200537, 0.9155317078987567
-0.40933580324678887, 0.12888121095298263, 0.9032352039439114
-0.48355453478229077, 0.02453605324923845, 0.8749702817710056
-0.4999013397661454, -7.89968370122004e-05, 0.8660823542016732
-0.4999912763370541, 2.6044061369176867e-05, 0.8660304399433951
-0.4998324438168078, 0.00010025891471504926, 0.8661221149793299
-0.4995749714686254, 0.00042717958091380753, 0.8662705497705251
-0.42717912768425614, -0.10538223765969151, 0.8980047755200161
-0.3536020430654851, -0.1969123175084761, 0.91443487157553
-0.2783591512057193, -0.277719149566527, 0.9194499752047832
-0.197592747170757, -0.3530119289567946, 0.9145160929583012
-0.10618677874975076, -0.42657916726741346, 0.8981951803879775
0.00023560114792527391, -0.49962968386442935, 0.8662390683256149
-9.866505218205776e-16, -0.5000000000000022, 0.8660254037844373
-6.399711186308539e-16, -0.5000000000000028, 0.8660254037844372
-2.9520957632443784e-05, -0.4999327019094485, 0.8660642543657091
-5.4195245322559656e-05, -0.49975283748134103, 0.8661680544168225
-0.00022461937006780524, -0.4994006514331342, 0.8663711323066459
0.12873070376764742, -0.4094685614511259, 0.9031964919609862
0.22728173744582683, -0.32657042668984865, 0.9174392449831305
0.3153487006547129, -0.23942467398473488, 0.9182761145116906
0.3985659900621882, -0.14267138509328386, 0.9059746284754951
0.4945781020506886, -0.007343661607239252, 0.8691021640786181
0.49976167581286507, 5.3018126314500756e-05, 0.8661629549789086
0.4999534116915061, 2.4822399433561253e-05, 0.8660522995303874
0.49999129816613985, -1.161642172470835e-05, 0.8660304276543619
0.49985805049639165, -4.163707193624709e-05, 0.866107341857983
0.49957551294447333, -0.00010240196883909337, 0.8662703367772113
0.427360242036667, 0.10515464718420328, 0.8979452787903764
0.33107430521133296, 0.22233559114046356, 0.9170369072949321
0.23032212623988577, 0.3237826841794817, 0.9176690534118866
0.11558783708387997, 0.41952488444324615, 0.9003545541902653
-0.0001038317790411921, 0.49957299812380934, 0.8662717868917064
-3.7781390510667514e-05, 0.499885395603112, 0.8660915597298514
0.0, 0.4999999999999931, 0.8660254037844427
0.0, 0.4999999999999931, 0.8660254037844427
2.952095763022875e-05, 0.49993270190944095, 0.8660642543657133
5.4195245323591017e-05, 0.4997528374813457, 0.86616805441682
0.00022461937014843424, 0.49940065143326867, 0.8663711323065684
-0.1287307037529842, 0.4094685614624549, 0.9031964919579398
-0.22728173743086133, 0.3265704267035304, 0.9174392449819678
-0.3153487006407464, 0.23942467399969036, 0.9182761145125876
-0.3985659900484142, 0.14267138511068736, 0.905974628478814
-0.4945781020288023, 0.007343661641909377, 0.8691021640907798
-0.49976167581282555, -5.3018126313867704e-05, 0.8661629549789316
-0.4999534116914943, -2.4822399440055963e-05, 0.8660522995303942
-0.49999129816614424, 1.1616421711206986e-05, 0.8660304276543593
-0.49985805049640675, 4.1637071951334954e-05, 0.8661073418579742
-0.4995755129444536, 0.0001024019687816215, 0.8662703367772228
-0.4273602420358493, -0.10515464718529956, 0.8979452787906375
-0.331074305206763, -0.22233559114550355, 0.9170369072953598
-0.23032212623473744, -0.3237826841842163, 0.9176690534115084
-0.1155878370789745, -0.4195248844469644, 0.9003545541891625
0.00010383177904830844, -0.49957299812383676, 0.8662717868916907
3.778139050138952e-05, -0.4998853956031213, 0.866091559729846
-1.1762717960111556e-15, -0.5000000000000028, 0.866025403784437
-1.5187577473646337e-15, -0.5000000000000032, 0.8660254037844368
2.8924334925959386e-05, -0.49948843710142904, 0.866320552893301
0.13453197033502445, -0.4049808551556878, 0.9043736262823812
0.2584910993754587, -0.29724685122287664, 0.9191445267104362
0.36858101472288013, -0.17941256580444728, 0.9121179566357177
0.4831959772370856, -0.025086661242156735, 0.8751527335326212
0.49978136096591547, -1.2734372716983537e-05, 0.8661515982025855
0.49999096705810353, -2.975288858054133e-06, 0.8660306188879525
0.49990512283488664, 8.720949695209864e-06, 0.8660801741682937
0.49954074630213474, 2.3868847077106615e-05, 0.8662903913897375
0.4565820726231583, 0.0646102510443317, 0.8873321398547048
0.39319985622352327, 0.14943472154335335, 0.9072282717503136
0.3322933087426848, 0.22099830148052582, 0.9169192481934062
0.2690768756799397, 0.2869289375447032, 0.9193853489009872
0.20201732234047687, 0.34918246407442893, 0.9150194578572054
0.1283573883602254, 0.4097742702881623, 0.9031109722858794
0.03515677734828408, 0.4765790462046088, 0.8784283771174451
2.0697478563351536e-05, 0.49958437127776484, 0.8662652339477874
1.1934457373606016e-05, 0.49981113264392046, 0.8661344188650917
6.529971542323473e-06, 0.49994879432402, 0.8660549653522681
0.0, 0.499999999999993, 0.8660254037844426
0.0, 0.499999999999993, 0.8660254037844426
-2.8924334945306855e-05, 0.49948843710125235, 0.8663205528934027
-0.13453197037393955, 0.4049808551253154, 0.9043736262901931
-0.2584910994226893, 0.29724685117726757, 0.9191445267119034
-0.3685810147780757, 0.1794125657388885, 0.9121179566263088
-0.4831959773307847, 0.0250866610983439, 0.8751527334850098
-0.4997813609661449, 1.2734372709688738e-05, 0.8661515982024531
-0.4999909670581586, 2.9752888497711666e-06, 0.8660306188879208
-0.49990512283472227, -8.7209497085946e-06, 0.8660801741683886
-0.4995407463017552, -2.386884712156989e-05, 0.8662903913899563
-0.4565820725805326, -0.06461025110556476, 0.8873321398721794
-0.3931998561882193, -0.1494347215874412, 0.9072282717583529
-0.33229330871026863, -0.22099830151635513, 0.9169192481965182
-0.2690768756508346, -0.28692893757334026, 0.9193853489005682
-0.20201732231399327, -0.34918246409760656, 0.9150194578542075
-0.12835738833527136, -0.409774270307443, 0.9031109722806776
-0.035156777316980345, -0.47657904622535885, 0.8784283771074404
-2.069747856121767e-05, -0.4995843712778298, 0.8662652339477499
-1.1934457377871033e-05, -0.499811132643945, 0.8661344188650775
-6.5299715408633754e-06, -0.4999487943240328, 0.8660549653522607
-1.3769781107863493e-15, -0.5000000000000032, 0.8660254037844368
-2.489460495511777e-15, -0.5000000000000037, 0.8660254037844365
5.480563548983621e-05, -0.4998973527606927, 0.8660846573512281
0.00010681648217302472, -0.4996182231838468, 0.8662457039736792
0.047812025806932466, -0.46810723506338997, 0.8823772586992172
0.1671732523124809, -0.3787996970652661, 0.9102548506954139
0.26350758687906195, -0.29238215944110785, 0.9192803840492455
0.35181482755424215, -0.19901647594896105, 0.9146686664655325
0.43806636766972956, -0.09063511893056848, 0.8943618578255063
0.49947503823808553, -0.000151564210250755, 0.866328265269784
0.4998416333373011, -6.690036344189987e-05, 0.8661168149314736
0.4999940356823294, -1.4906645872835797e-05, 0.8660288471291758
0.4999282338429415, 4.635599010879334e-05, 0.8660668327893634
0.49966731951980464, 9.622261110925383e-05, 0.8662173864250835
0.47819265107664527, 0.03271704730033922, 0.8776453630437737
0.3827563759584632, 0.16235818176121553, 0.9094709327286582
0.2927084556405824, 0.2631725782889405, 0.9192725134764212
0.19521015914396514, 0.355117769671411, 0.914212427956758
0.07999433308157376, 0.4457362671444238, 0.8915829107979746
0.00012612346478868468, 0.4995466629820992, 0.8662869706952313
5.895233813625149e-05, 0.4998798406290522, 0.8660947647095526
0.0, 0.49999999999999306, 0.8660254037844427
0.0, 0.49999999999999306, 0.8660254037844427
-5.480563549426193e-05, 0.4998973527606696, 0.8660846573512412
-0.00010681648218459586, 0.4996182231837913, 0.8662457039737113
-0.04781202582978526, 0.46810723504792395, 0.8823772587061838
-0.16717325233061794, 0.37879969705029576, 0.9102548506983128
-0.26350758689667647, 0.2923821594239428, 0.9192803840496558
-0.35181482757198096, 0.1990164759285884, 0.9146686664631422
-0.4380663676906132, 0.09063511890184828, 0.8943618578181878
-0.49947503823825246, 0.0001515642101793896, 0.8663282652696876
-0.49984163333737747, 6.690036341915233e-05, 0.8661168149314294
-0.4999940356823499, 1.4906645851045056e-05, 0.8660288471291641
-0.499928233842872, -4.6355990138269225e-05, 0.8660668327894038
-0.4996673195196266, -9.622261116314678e-05, 0.8662173864251863
-0.47819265101467195, -0.032717047394251464, 0.8776453630740394
-0.3827563759100142, -0.1623581818204126, 0.9094709327384805
-0.2927084555955555, -0.26317257833518365, 0.9192725134775195
-0.19521015910455744, -0.3551177697054965, 0.9142124279519324
-0.07999433304154634, -0.4457362671730302, 0.8915829107872645
-0.00012612346476133444, -0.4995466629822063, 0.8662869706951698
-5.8952338139657246e-05, -0.4998798406290804, 0.8660947647095364
-1.5869172148337117e-15, -0.5000000000000038, 0.8660254037844366
-3.5658512599544645e-15, -0.5000000000000041, 0.8660254037844364
0.00018704472025510348, -0.4996309788439455, 0.8662383332511402
0.10095308550453214, -0.4305155686856556, 0.8969196283092378
0.23747576798486375, -0.31717894656710405, 0.9181518259387068
0.3546336425001461, -0.1957862403713109, 0.9142771613074154
0.4724710692545051, -0.04132760171543868, 0.8803766909987762
0.499887374090008, -0.00010624739180498542, 0.8660904121030829
0.4999996669932432, -6.9714819784998245e-06, 0.8660255960178338
0.49991288193795913, 9.423815396659491e-05, 0.8660756904518533
0.4996677470494442, 0.00017532689163750418, 0.8662171274103356
0.49887096051925073, 0.0006991527083544869, 0.8666759924770563
0.4399724910716871, 0.08802147857850047, 0.8936869845807472
0.38435639173801034, 0.16042341736681398, 0.9091394234607199
0.32951585201501127, 0.22407576772551105, 0.9171746581698844
0.2728331475339748, 0.28322081489102247, 0.9194281068246551
0.2130881639433515, 0.33942023721465436, 0.9161808429324416
0.1484007345299916, 0.39406551942350804, 0.9070223748025401
0.07271643278620238, 0.4509111874092813, 0.8896018331096232
0.0003687804937356298, 0.49929671838541545, 0.8664309845628227
0.00012584362773024769, 0.49983741299543083, 0.8661192439458995
0.0, 0.4999999999999933, 0.8660254037844427
0.0, 0.49999999999999317, 0.8660254037844425
-0.00018704472019677392, 0.4996309788441, 0.8662383332510512
-0.10095308543882632, 0.4305155687342036, 0.8969196282933306
-0.23747576791868374, 0.3171789466287307, 0.9181518259345347
-0.3546336424316324, 0.1957862404504302, 0.9142771613170481
-0.4724710691508622, 0.041327601870325935, 0.8803766910471273
-0.4998873740898308, 0.00010624739188128934, 0.8660904121031852
-0.4999996669932371, 6.971482057241395e-06, 0.8660255960178372
-0.49991288193805533, -9.423815392901e-05, 0.8660756904517979
-0.4996677470496011, -0.00017532689161335924, 0.8662171274102451
-0.49887096051999136, -0.0006991527078123664, 0.8666759924766305
-0.4399724910941117, -0.08802147854751717, 0.8936869845727591
-0.3843563917549878, -0.16042341734600338, 0.9091394234572145
-0.32951585202880596, -0.224075767710356, 0.9171746581686309
-0.272833147545457, -0.28322081487964934, 0.9194281068247512
-0.21308816395280455, -0.3394202372062198, 0.9161808429333677
-0.14840073453743072, -0.3940655194175667, 0.9070223748039044
-0.07271643279191861, -0.45091118740525477, 0.8896018331111969
-0.0003687804937417544, -0.4992967183853984, 0.8664309845628326
-0.00012584362774185952, -0.4998374129954335, 0.8661192439458979
-1.8037558107882625e-15, -0.500000000000004, 0.8660254037844364
-4.7655269697047425e-15, -0.5000000000000041, 0.8660254037844362
0.0002580166044397955, -0.4996657706980613, 0.8662182467601016
0.03455328003504003, -0.4769798568395514, 0.8782347562059596
0.15579872551453516, -0.38813463010966004, 0.9083381892432377
0.2523227262091828, -0.30317663047394094, 0.9189217445315097
0.3400950381768133, -0.21234322822369517, 0.9161035522445329
0.4245535972033108, -0.10899017294985795, 0.8988188834810321
0.4991293911821544, -0.0006249838458312283, 0.8665272414952254
0.4998356788191119, -0.00018702376801220697, 0.8661202336867254
0.49999740804032666, 2.7604913238417897e-05, 0.8660268998079239
0.4997428351558255, 0.0002291884098796047, 0.8661737967539137
0.4988289834193477, 0.0009104972969760085, 0.866699957479803
0.43342335360276624, 0.09702351385911252, 0.8959523616298815
0.36534895103643117, 0.1832987212180455, 0.9126454529423835
0.2969894496215343, 0.2587612349422615, 0.9191517231146629
0.22452214602483345, 0.32911654283450464, 0.9172088678033303
0.14497257796729832, 0.3968180877531112, 0.9063764984097281
0.04840849495072313, 0.46770790986035826, 0.882556473360578
0.0003495045623812991, 0.49947460868317645, 0.8663284556837255
0.0001729559386042689, 0.4998613078839631, 0.8661054456397195
0.0, 0.4999999999999934, 0.8660254037844425
0.0, 0.4999999999999934, 0.8660254037844425
-0.0002580166043696257, 0.4996657706982338, 0.8662182467600021
-0.03455327993954557, 0.4769798569027357, 0.8782347561754006
-0.1557987254264836, 0.38813463018093297, 0.9083381892278853
-0.25232272611541545, 0.30317663056353905, 0.9189217445276961
-0.3400950380736666, 0.21234322833935604, 0.9161035522560163
-0.4245535970832383, 0.10899017311029777, 0.8988188835182931
-0.4991293911792789, 0.0006249838485060626, 0.8665272414968795
-0.4998356788186249, 0.00018702376826276498, 0.8661202336870064
-0.4999974080403979, -2.760491290406749e-05, 0.8660268998078827
-0.4997428351564663, -0.00022918840960844757, 0.8661737967535441
-0.4988289834227581, -0.000910497293654855, 0.8666999574778437
-0.4334233537064059, -0.09702351371791461, 0.8959523615950356
-0.3653489511298106, -0.18329872110791076, 0.9126454529271221
-0.2969894497056808, -0.25876123485519, 0.9191517231119866
-0.2245221461021878, -0.3291165427640346, 0.9172088678096812
-0.14497257803772748, -0.3968180876971506, 0.9063764984229631
-0.048408495029665516, -0.46770790980695043, 0.8825564733845513
-0.0003495045625576172, -0.49947460868289084, 0.86632845568389
-0.00017295593864708654, -0.4998613078839107, 0.8661054456397498
-2.0245125469562585e-15, -0.5000000000000042, 0.8660254037844363
-6.111336638329157e-15, -0.5000000000000044, 0.866025403784436
0.00029490354409656116, -0.49976509815429754, 0.8661609317550205
0.0011016741464453135, -0.4987802460385922, 0.8667277845296968
0.07219146311531822, -0.4512957411222821, 0.8894495751295629
0.14358495316577347, -0.3979406750226405, 0.9061051707097294
0.20513625670315497, -0.34649396477359123, 0.9153475015322293
0.26189773125894394, -0.2939508793942528, 0.9192401529876527
0.3157594627857462, -0.2390068967683518, 0.9182437938578293
0.36774464914458804, -0.18048753471974602, 0.9122434559021578
0.4193516162121819, -0.11592748439795927, 0.9003916038821063
0.47643814372073995, -0.03537216283809954, 0.8784961612346922
0.49948636672101693, -0.00044028451488505613, 0.8663216351964113
0.4999984541182575, -2.8769071795703458e-05, 0.8660262958199902
0.4995463257409434, 0.0004050353601219481, 0.8662870796595551
0.4543374058680435, 0.06785809513676314, 0.8882414089387562
0.373561964598773, 0.17355478040796427, 0.9112245589330044
0.2940438912843403, 0.2618020126329042, 0.9192376712144273
0.2087584271731218, 0.3432931587686554, 0.9157345282486857
0.11242110809331309, 0.421996939638589, 0.8995999540855574
0.0011302454750117075, 0.49875346154282424, 0.8667431610022757
0.0, 0.4999999999999936, 0.8660254037844424
0.0, 0.4999999999999936, 0.8660254037844424
-0.0002949035441007066, 0.49976509815429854, 0.8661609317550198
-0.001101674146181079, 0.4987802460388034, 0.8667277845295756
-0.07219146311207993, 0.451295741124555, 0.8894495751286723
-0.14358495316492184, 0.3979406750233094, 0.9061051707095705
-0.20513625670414917, 0.3464939647727124, 0.915347501532339
-0.26189773126168514, 0.2939508793915862, 0.9192401529877245
-0.3157594627900298, 0.23900689676376588, 0.9182437938575498
-0.3677446491504738, 0.18048753471277457, 0.9122434559011645
-0.4193516162199571, 0.11592748438768567, 0.9003916038798077
-0.4764381437333776, 0.035372162819030946, 0.8784961612286062
-0.49948636672121505, 0.0004402845147721521, 0.8663216351962971
-0.4999984541182719, 2.8769071696114047e-05, 0.8660262958199819
-0.499546325740767, -0.00040503536024514506, 0.8662870796596567
-0.4543374058542587, -0.0678580951564794, 0.8882414089443009
-0.3735619645882528, -0.17355478042057837, 0.9112245589349148
-0.2940438912757612, -0.26180201264173736, 0.9192376712146559
-0.20875842716619475, -0.34329315877480227, 0.9157345282479606
-0.11242110808803164, -0.4219969396425683, 0.8995999540843507
-0.0011302454749770074, -0.498753461542886, 0.8667431610022402
-2.24531623960728e-15, -0.5000000000000044, 0.866025403784436
-7.63349882190042e-15, -0.5000000000000047, 0.866025403784436
0.00036489182119596485, -0.49977753433187433, 0.8661537294447857
0.0009443622840482589, -0.49903057042504795, 0.8665838666633066
0.052891912496997595, -0.46467081292688434, 0.8839024161106692
0.12532417901065723, -0.4122102572729011, 0.9024281433744813
0.1862471558771848, -0.3628767807323625, 0.9130347413614537
0.241971424966693, -0.3129869634315526, 0.9184165668265595
0.29448087107540055, -0.26135299817264546, 0.9192255582373907
0.34479269774358134, -0.2070775554351589, 0.9155527738026367
0.39409789420266, -0.14843935153439608, 0.9070019893589413
0.4447230862412057, -0.08146358011600326, 0.8919557509645759
0.49807668235259345, -0.0020213552564052714, 0.8671306318078962
0.4997868143098812, -0.0003578312550637872, 0.8661483777037126
0.49990916224175574, 0.0002404914104811321, 0.8660778092473145
0.4981163154754103, 0.001980552508518623, 0.8671079596387998
0.40911522695507, 0.12934090243575444, 0.9032694293678971
0.32377957412185676, 0.2303635556598924, 0.9176597515447654
0.23447175990762506, 0.31998421769804963, 0.9179504857180414
0.13412027575408578, 0.40540451466613, 0.9042449508401845
0.0021668680586764597, 0.4979327521867488, 0.8672129375087447
0.0, 0.4999999999999941, 0.8660254037844421
0.0, 0.4999999999999941, 0.8660254037844421
-0.0003648918212116889, 0.49977753433185185, 0.8661537294447985
-0.0009443622840977454, 0.49903057042498095, 0.8665838666633452
-0.052891912502049256, 0.46467081292343554, 0.8839024161121799
-0.12532417901422516, 0.4122102572701551, 0.90242814337524
-0.1862471558773282, 0.36287678073223684, 0.9130347413614743
-0.24197142496324306, 0.31298696343478927, 0.9184165668263654
-0.29448087106832616, 0.26135299817993046, 0.9192255582375858
-0.34479269773311066, 0.20707755544700449, 0.9155527738039008
-0.394097894188636, 0.14843935155193907, 0.9070019893621637
-0.4447230862221777, 0.08146358014261357, 0.8919557509716327
-0.49807668235106256, 0.0020213552581604703, 0.8671306318087714
-0.499786814309559, 0.0003578312553089545, 0.8661483777038985
-0.49990916224203896, -0.00024049141014212085, 0.8660778092471512
-0.49811631547942653, -0.001980552503920234, 0.8671079596365031
-0.40911522701667224, -0.12934090235607731, 0.9032694293514048
-0.323779574179904, -0.2303635555968467, 0.9176597515401114
-0.23447175995443903, -0.31998421765465557, 0.9179504857212104
-0.13412027579029534, -0.4054045146379037, 0.9042449508474686
-0.002166868058795587, -0.4979327521863608, 0.8672129375089672
-2.4610471236239057e-15, -0.5000000000000046, 0.866025403784436
-9.37283334643742e-15, -0.5000000000000047, 0.8660254037844359
0.0006283219786700679, -0.49952976827531437, 0.8662964941740801
0.02252809953949812, -0.4848593249644464, 0.87430196141045
0.10757890026792816, -0.42566339450775414, 0.8984639418436774
0.17349336993275088, -0.373652283102048, 0.9111992218620495
0.23267687547721283, -0.32165098028110994, 0.9178246665362414
0.2879190424315054, -0.26807170928251134, 0.9193694489636242
0.3406804079609201, -0.21172155044098515, 0.9160299365798296
0.3923358168178823, -0.1506671345323547, 0.9073984909694606
0.4453136025785244, -0.08065358266956095, 0.8917347110890661
0.49796536985781165, -0.0023319863433095235, 0.8671937801103439
0.49986128528343254, -0.00035927553713457097, 0.8661054014355778
0.49972441429172265, 0.0004935774280836223, 0.866184314186142
0.4785456143156393, 0.03218412305416679, 0.8774726646696759
0.4032361964191571, 0.13692397511997131, 0.9047941174293501
0.33384561507896077, 0.2193357705428012, 0.9167545609665358
0.2620792871875518, 0.2937760096713739, 0.9192443110342482
0.18508230111677357, 0.36388639281629287, 0.9128697798352549
0.09663994364551874, 0.43375085607026376, 0.8958353175391693
0.0016791457013021062, 0.4985043292042263, 0.8668855831275303
0.0, 0.49999999999999434, 0.8660254037844419
0.0, 0.49999999999999434, 0.8660254037844419
-0.0006283219785525343, 0.4995297682754865, 0.8662964941739808
-0.0225280995001047, 0.4848593249899938, 0.8743019613972972
-0.10757890023974974, 0.4256633945287681, 0.8984639418370958
-0.17349336990580458, 0.37365228312452947, 0.9111992218579612
-0.23267687545266394, 0.3216509803038022, 0.9178246665345121
-0.2879190424117088, 0.2680717093026597, 0.9193694489639489
-0.34068040794526816, 0.21172155045854246, 0.9160299365815927
-0.39233581680603347, 0.1506671345471198, 0.9073984909721322
-0.4453136025697067, 0.08065358268191775, 0.8917347110923519
-0.49796536985752893, 0.0023319863436047374, 0.8671937801105055
-0.49986128528341917, 0.000359275537156436, 0.8661054014355855
-0.49972441429171693, -0.0004935774280750052, 0.8661843141861454
-0.47854561431013687, -0.0321841230625269, 0.8774726646723703
-0.40323619641207964, -0.13692397512900994, 0.9047941174311365
-0.3338456150690866, -0.21933577055373624, 0.9167545609675153
-0.2620792871805937, -0.29377600967814615, 0.9192443110340677
-0.18508230111259966, -0.36388639281985313, 0.9128697798346819
-0.09663994364248785, -0.4337508560724917, 0.8958353175384175
-0.0016791457012295273, -0.49850432920429794, 0.8668855831274893
-2.6647893185501697e-15, -0.5000000000000046, 0.8660254037844359
-1.1385857159609773e-14, -0.5000000000000047, 0.8660254037844358
0.0009205013132712318, -0.49931078729082445, 0.8664224664517589
0.047342209568207935, -0.46844014405968637, 0.8822259045315661
0.12773941591810595, -0.41039954834723186, 0.9029146428856324
0.1942846149358302, -0.3560078841368071, 0.9140633866596286
0.25522638778338597, -0.30040113405803487, 0.9190313648813578
0.3126077462630802, -0.24238256171109082, 0.918437309104267
0.3677134485282905, -0.18059023185452777, 0.9122357085370866
0.422344511750533, -0.1120415172141956, 0.899484192087079
0.48241403973262303, -0.026285850230694623, 0.8755488269345695
0.49946038459017106, -0.0008035255220567127, 0.8663363541787761
0.49996782379764365, 0.00022069769600339717, 0.8660439518058972
0.498035672690998, 0.002404105276407485, 0.8671532096492782
0.43479636727885157, 0.09523535015324588, 0.8954788367584702
0.3695455918368481, 0.17841734336475376, 0.9119228624947491
0.30397461337345455, 0.2514956448253559, 0.9188848540803887
0.2351121445926778, 0.31939983889392415, 0.9179902082155164
0.16041278262160855, 0.3844697070705378, 0.9090933854762597
0.0729667726650366, 0.4507772023950168, 0.8896492364340965
0.0013700402775812094, 0.4988615973795125, 0.8666805810964032
0.0, 0.49999999999999484, 0.8660254037844417
0.0, 0.49999999999999484, 0.8660254037844417
-0.0009205013132855246, 0.49931078729079453, 0.8664224664517761
-0.04734220957213991, 0.4684401440570268, 0.8822259045327675
-0.12773941592291946, 0.4103995483435167, 0.9029146428866401
-0.19428461494144894, 0.3560078841319451, 0.914063386660328
-0.25522638778989465, 0.3004011340517796, 0.9190313648815949
-0.31260774627050425, 0.24238256170319453, 0.9184373091038239
-0.367713448536825, 0.18059023184442902, 0.9122357085356454
-0.4223445117610367, 0.11204151720021761, 0.8994841920838881
-0.48241403974467395, 0.026285850212240836, 0.8755488269284837
-0.49946038459030634, 0.0008035255219660557, 0.8663363541786983
-0.49996782379763655, -0.0002206976960559333, 0.8660439518059014
-0.4980356726909492, -0.002404105276475175, 0.8671532096493062
-0.4347963672784842, -0.09523535015376061, 0.8954788367585936
-0.36954559183753183, -0.17841734336395165, 0.911922862494629
-0.3039746133752882, -0.25149564482344433, 0.9188848540803054
-0.23511214459604907, -0.31939983889080237, 0.9179902082157391
-0.16041278262681163, -0.38446970706629857, 0.9090933854771345
-0.07296677267369561, -0.45077720238892427, 0.8896492364364733
-0.0013700402777626394, -0.4988615973793663, 0.8666805810964869
-2.8469674662344157e-15, -0.5000000000000048, 0.8660254037844359
-1.3753132209325462e-14, -0.5000000000000046, 0.866025403784436
0.0010031833275053414, -0.4993934866757913, 0.8663747105548543
0.01695457788678885, -0.4884591579829725, 0.8724220270438191
0.11878474690005553, -0.41727620982690994, 0.9009832121723349
0.19606404126026206, -0.3544811795305948, 0.9142767551913875
0.2650719821940388, -0.2908596799077285, 0.9193135976693138
0.3298213899673809, -0.22378776823682014, 0.9171351511677918
0.39277299844610875, -0.15018124540857133, 0.9072899014202591
0.45773774656295396, -0.06301616653528172, 0.8868512378785219
0.49893764923717904, -0.0014290827148711702, 0.8666367058325373
0.4999485259328234, -0.0003235580677848237, 0.8660550598707761
0.4996177890357492, 0.0008146455620547628, 0.8662455779001923
0.4966445867958204, 0.004307334058239892, 0.8679433168587218
0.4247025843709219, 0.10892474614246081, 0.8987564266843717
0.3583499451280712, 0.19158952174077706, 0.9137170086990002
0.2914195800605329, 0.264498931183302, 0.9193013345798176
0.22062932032501043, 0.3326913385635677, 0.9168637719190923
0.14240949218591875, 0.39896538402911924, 0.9058400294101859
0.04781917990676403, 0.4681223120590821, 0.8823688724028653
0.0010829504337364416, 0.49929603832753505, 0.8664307781518306
0.0, 0.4999999999999953, 0.8660254037844413
0.0, 0.4999999999999953, 0.8660254037844413
-0.001003183327296964, 0.49939348667604855, 0.8663747105547063
-0.01695457782154608, 0.4884591580249138, 0.8724220270216047
-0.11878474685611054, 0.41727620986027536, 0.9009832121626757
-0.19606404121442988, 0.3544811795703784, 0.9142767551857913
-0.2650719821441354, 0.29085967995651124, 0.9193135976682685
-0.3298213899119165, 0.22378776829770133, 0.9171351511728824
-0.39277299838405233, 0.15018124548593537, 0.9072899014343181
-0.45773774648803484, 0.06301616664348955, 0.8868512379095016
-0.4989376492344803, 0.0014290827177807774, 0.8666367058340863
-0.4999485259323548, 0.0003235580691396774, 0.8660550598710463
-0.4996177890370748, -0.0008146455607527532, 0.8662455778994289
-0.49664458680454054, -0.004307334047187592, 0.867943316853787
-0.42470258445324943, -0.10892474603227636, 0.898756426658822
-0.3583499451952563, -0.19158952166277757, 0.9137170086890058
-0.29141958011831093, -0.26449893112414785, 0.9193013345785215
-0.2206293203748431, -0.33269133851841787, 0.9168637719234839
-0.1424094922273569, -0.3989653839963348, 0.9058400294181106
-0.047819179943564535, -0.4681223120342598, 0.8823688724140398
-0.0010829504339161893, -0.49929603832732095, 0.8664307781519538
-2.993932395296696e-15, -0.5000000000000047, 0.866025403784436
-1.6593574770792717e-14, -0.5000000000000044, 0.866025403784436
0.0019398278275589665, -0.498636037300921, 0.8668092866212463
0.1153210825651236, -0.4199246164462147, 0.9002024019177617
0.2267681149020549, -0.3271056898339649, 0.9173756535585704
0.3234053829724498, -0.2307944684584217, 0.9176834266747098
0.41619968320940703, -0.12023570060980898, 0.9012886330112333
0.4971774627333268, -0.003869172656038566, 0.8676402480596491
0.4995390064779239, -0.0010421625925693535, 0.866290768105132
0.4999998983579944, 1.9041673964739834e-05, 0.8660254622581312
0.49943556169220527, 0.00114192455649666, 0.8663502846571349
0.48937394231314585, 0.01553119451654816, 0.8719357353508222
0.41999834378507966, 0.11522339883309697, 0.9001805149963752
0.3583830852555404, 0.19157010002527003, 0.9137080830216114
0.2963189701260775, 0.2594611333921519, 0.9191708155736237
0.23125491323745978, 0.322980625076235, 0.9177171028856875
0.16021404083845714, 0.3846780710555579, 0.9090402866579611
0.07740320424916636, 0.4476668864775912, 0.8908440395060301
0.00395266890071202, 0.49711520859193253, 0.8676755417753579
0.0013478093458404363, 0.49919757243754387, 0.8664871419025387
0.0007425019461550027, 0.49977901699469207, 0.8661526325438716
0.0, 0.49999999999999595, 0.866025403784441
0.0, 0.49999999999999595, 0.866025403784441
-0.0019398278268451367, 0.4986360373015196, 0.8668092866209035
-0.11532108253068028, 0.41992461647221035, 0.9002024019100477
-0.22676811486034495, 0.32710568987216815, 0.9173756535552589
-0.3234053829222295, 0.23079446851288674, 0.9176834266787105
-0.4161996831479314, 0.1202357006905921, 0.9012886330288449
-0.49717746272757773, 0.0038691726637749045, 0.8676402480629088
-0.49953900647716404, 0.0010421625933432481, 0.866290768105569
-0.49999989835802267, -1.904167237366363e-05, 0.8660254622581149
-0.49943556169342, -0.0011419245553806355, 0.8663502846564362
-0.4893739424134484, -0.015531194360239036, 0.8719357352973116
-0.419998343852403, -0.1152233987439082, 0.9001805149763802
-0.358383085314217, -0.19157009995717503, 0.9137080830128738
-0.29631897017929204, -0.25946113333720233, 0.9191708155719797
-0.23125491328675973, -0.32298062503075003, 0.9177171028892724
-0.16021404088517188, -0.3846780710174328, 0.9090402866658613
-0.07740320429617602, -0.4476668864442651, 0.8908440395186926
-0.0039526689033923725, -0.49711520858995784, 0.867675541776477
-0.001347809346010295, -0.49919757243735297, 0.8664871419026485
-0.0007425019462435874, -0.4997790169946464, 0.866152632543898
-3.085536769900075e-15, -0.5000000000000044, 0.866025403784436
-2.0090364010954356e-14, -0.5000000000000042, 0.8660254037844363
0.0010100386846545882, -0.49969382287681396, 0.866201514198983
0.001897399091215593, -0.4988595701480963, 0.86668075388135
0.014517734373261175, -0.49002469041976254, 0.871587653748998
0.08636983567985917, -0.4412810074563525, 0.8932028459106816
0.1437276554593079, -0.39797313869945666, 0.9060682876747611
0.19461076210247757, -0.3557721524242826, 0.914085787458314
0.2418187857847104, -0.3131480425815626, 0.9184018609894822
0.2864478636473987, -0.26956803963530074, 0.9193914799578153
0.3292253849331818, -0.22445699059474344, 0.9171857528814702
0.3716213878163725, -0.1760189331315536, 0.9115453248723637
0.41406260252502086, -0.12307402887500422, 0.901889652123075
0.45849475608684365, -0.06194945294025415, 0.8865352919772957
0.49668320424114526, -0.004749064782498335, 0.867918913844168
0.49988805931375835, -0.0006335438421733189, 0.8660897914060206
0.49907023093309477, 0.0016848191323807662, 0.8665599032847519
0.42768027767226535, 0.1049917037261808, 0.8978119637423239
0.3217916178990229, 0.23254761378487754, 0.9178081291712819
0.2108711106672046, 0.3414809116234779, 0.9159280330259458
0.07677373475870436, 0.448128601800387, 0.8906663516152555
0.0, 0.4999999999999966, 0.8660254037844405
0.0, 0.4999999999999967, 0.8660254037844407
-0.0010100386845913656, 0.4996938228768438, 0.8662015141989657
-0.0018973990910325581, 0.4988595701482607, 0.8666807538812558
-0.014517734356674113, 0.49002469043038627, 0.8715876537433014
-0.0863698356636238, 0.44128100746802656, 0.893202845906484
-0.14372765544444369, 0.3979731387112494, 0.9060682876719393
-0.19461076208861947, 0.35577215243629134, 0.9140857874565904
-0.24181878577182983, 0.31314804259366696, 0.9184018609887464
-0.2864478636353214, 0.2695680396475613, 0.9193914799579834
-0.3292253849220185, 0.22445699060698215, 0.9171857528824824
-0.3716213878056283, 0.17601893314436962, 0.9115453248742691
-0.41406260251342586, 0.1230740288901746, 0.9018896521263281
-0.45849475607355283, 0.06194945295951452, 0.8865352919828235
-0.49668320423845624, 0.004749064786207203, 0.8679189138456866
-0.4998880593136339, 0.0006335438425154192, 0.8660897914060922
-0.49907023093328895, -0.0016848191322530958, 0.8665599032846404
-0.42768027767299865, -0.10499170372521419, 0.8978119637420875
-0.32179161790090016, -0.23254761378286543, 0.9178081291711336
-0.21087111066934963, -0.341480911621579, 0.9159280330261599
-0.07677373476061086, -0.4481286017990466, 0.8906663516157658
-3.090745543006047e-15, -0.5000000000000041, 0.8660254037844362
-2.454113276484742e-14, -0.500000000000004, 0.8660254037844364
0.00138267177425844, -0.49957039718288593, 0.8662721896016853
0.002802381399280984, -0.49829651685341825, 0.8670021499109699
0.03367013889494033, -0.4775695220539008, 0.8779485596275013
0.09842215896097463, -0.43255210473355343, 0.8962208183902188
0.1526490291456552, -0.39086499226851057, 0.9077019509287318
0.20119656389248267, -0.35004651297682265, 0.9148701445727832
0.24644071269444207, -0.30879098182502185, 0.9186485207467513
0.2894742858988472, -0.26648874440322307, 0.9193412788022445
0.33073611911495876, -0.2228073668106721, 0.9170444355687845
0.37177502432917797, -0.1758610199882325, 0.9115131556558784
0.4129387276694346, -0.12458060553831848, 0.9021980269954344
0.45586024673727615, -0.06577087568436103, 0.8876179512359706
0.49518538988293026, -0.007064252171509166, 0.8687586120365931
0.4998808690246743, -0.0007637472524639304, 0.8660938364133939
0.49853617056366184, 0.002520644638698124, 0.8668652334649977
0.4174417209346448, 0.11867724041485861, 0.9009207080707137
0.31595131796693016, 0.23883209727737617, 0.9182232811168805
0.2092747084908212, 0.3429132369819091, 0.9157590339650878
0.08084614226678233, 0.44525475806756026, 0.8917466578007329
0.0, 0.4999999999999972, 0.8660254037844403
0.0, 0.4999999999999972, 0.8660254037844403
-0.001382671774202411, 0.4995703971829138, 0.8662721896016692
-0.002802381399033745, 0.49829651685362564, 0.8670021499108516
-0.033670138882957217, 0.4775695220618024, 0.8779485596236627
-0.09842215894711082, 0.43255210474372047, 0.8962208183868344
-0.15264902912926173, 0.39086499228172567, 0.9077019509257983
-0.20119656387366772, 0.3500465129933227, 0.9148701445706077
-0.24644071267338644, 0.30879098184496756, 0.9186485207456955
-0.2894742858747679, 0.2664887444277948, 0.9193412788027037
-0.3307361190879951, 0.2228073668403001, 0.9170444355713107
-0.3717750242996905, 0.1758610200233925, 0.9115131556611219
-0.41293872763673306, 0.12458060558097704, 0.9021980270045113
-0.4558602466991129, 0.0657708757393135, 0.8876179512514986
-0.4951853898722596, 0.007064252185586947, 0.8687586120425609
-0.4998808690238895, 0.0007637472547872481, 0.8660938364138449
-0.4985361705672138, -0.0025206446346726333, 0.8668652334629665
-0.4174417209967331, -0.11867724033306826, 0.9009207080527191
-0.31595131801365034, -0.23883209722743087, 0.9182232811137954
-0.20927470852641528, -0.34291323695027076, 0.915759033968801
-0.08084614228996954, -0.4452547580510532, 0.8917466578068729
-2.959132406919621e-15, -0.500000000000004, 0.8660254037844363
-3.0463906611263533e-14, -0.5000000000000036, 0.8660254037844365
0.0019228137739796616, -0.49938373658100754, 0.8663787776865159
0.004550922348812326, -0.4971975696417226, 0.8676254179357238
0.04927700431446868, -0.4671632805912539, 0.8827968317302736
0.11070135098783787, -0.4234839022106948, 0.8991143394796183
0.1635148345980232, -0.3820477845015993, 0.90956164674188
0.2111456237380468, -0.34125736327990464, 0.9159481085648458
0.2554886878485832, -0.3001563630370768, 0.9190384584497885
0.29810070935866806, -0.25762171616372787, 0.91911208154431
0.3391925961743544, -0.21345446976635937, 0.9161798797382879
0.38000875365629916, -0.16599148096203814, 0.9099671287429099
0.42138478754598224, -0.1134991193519747, 0.8997515272180168
0.46491941563557193, -0.05259371312229383, 0.8837894762357653
0.49721125586386056, -0.004532213850490832, 0.8676176727567829
0.49999763265305974, 0.0001415975290575263, 0.8660267589927437
0.49301136561202913, 0.010261652979716434, 0.8699623508264517
0.39490333145024403, 0.14765191235978842, 0.9067801671772471
0.29976064348703396, 0.2558999046404955, 0.9190532059795148
0.19803699262604768, 0.3528238827364153, 0.9144925682160743
0.07496387195002553, 0.4494431042285279, 0.8901580275230262
0.0, 0.499999999999998, 0.8660254037844397
0.0, 0.499999999999998, 0.8660254037844397
-0.0019228137741572658, 0.4993837365808802, 0.8663787776865889
-0.004550922350272955, 0.49719756964065265, 0.8676254179363293
-0.049277004328998265, 0.4671632805814499, 0.8827968317346508
-0.11070135100065144, 0.42348390220110527, 0.8991143394825574
-0.16351483460891436, 0.38204778449265403, 0.9095616467436795
-0.21114562374777768, 0.3412573632712243, 0.9159481085658366
-0.25548868785738016, 0.3001563630286189, 0.9190384584501053
-0.2981007093667401, 0.257621716155373, 0.9191120815440339
-0.33919259618209374, 0.21345446975773194, 0.9161798797374328
-0.3800087536635586, 0.16599148095324903, 0.9099671287414814
-0.4213847875533088, 0.11349911934224402, 0.899751527215813
-0.46491941564331535, 0.0525937131108967, 0.8837894762323699
-0.49721125586565873, 0.004532213848030037, 0.8676176727557652
-0.49999763265304353, -0.00014159753007286904, 0.8660267589927528
-0.49301136560316733, -0.010261652991853417, 0.8699623508313304
-0.39490333143403, -0.14765191238010195, 0.9067801671810005
-0.2997606434734338, -0.25589990465464413, 0.9190532059800113
-0.19803699261306923, -0.3528238827477525, 0.9144925682145106
-0.07496387193893203, -0.4494431042363587, 0.8901580275200067
-2.6029311135829274e-15, -0.5000000000000036, 0.8660254037844365
-3.328893866208426e-14, -0.43588847096206185, 0.9000006893788225
0.011088923374516531, -0.42904223186485996, 0.9032163633675011
0.07873400165144326, -0.38217517496408004, 0.9207296523003511
0.13949303477680508, -0.33527931915278775, 0.9317346571836855
0.19250651895561363, -0.28958579903913917, 0.9375933581006509
0.2409134594013163, -0.24352600298309554, 0.9394976268998062
0.2870880429615516, -0.19525057742568888, 0.9377940432757297
0.33279873272490956, -0.1425166170333781, 0.9321663034920623
0.37955785912941786, -0.08231340939061281, 0.9214989605027161
0.4324582528826363, -0.005639126072016544, 0.9016363234535539
0.4357936916997583, -0.0009651496262828391, 0.900046069243622
0.4322941457641864, 0.0065328955490394575, 0.901708984547541
0.38736222512506524, 0.0715733246574489, 0.9191451276831302
0.3384916393362396, 0.13555147383038035, 0.9311547712608667
0.2911253674494147, 0.190808016645616, 0.9374637706126085
0.24336273907543993, 0.2410771232962995, 0.9394979498928565
0.19322578914837124, 0.2889323425323214, 0.9376469995935435
0.13822968195124233, 0.3363115615627894, 0.9315509049895537
0.07478416500705545, 0.3850441685541581, 0.9198632055510398
0.00877206867242838, 0.4307587528676637, 0.9024244830671989
2.044953977026364e-19, 0.43588847096206457, 0.9000006893788212
0.0, 0.43588847096206457, 0.9000006893788212
-0.011088923375620788, 0.42904223186383944, 0.9032163633679724
-0.07873400166040576, 0.38217517495755204, 0.9207296523022942
-0.13949303478285882, 0.33527931914783965, 0.9317346571845598
-0.192506518959505, 0.2895857990356165, 0.93759335810094
-0.24091345940212053, 0.2435260029822924, 0.9394976268998082
-0.28708804295921586, 0.19525057742825255, 0.9377940432759111
-0.3327987327187208, 0.14251661704089683, 0.9321663034931222
-0.3795578591185295, 0.08231340940546152, 0.9214989605058745
-0.4324582528663058, 0.005639126096797092, 0.9016363234612317
-0.43579369169949295, 0.0009651496275417256, 0.9000460692437493
-0.43229414577002884, -0.0065328955403662235, 0.901708984544803
-0.3873622251375675, -0.0715733246401099, 0.9191451276792114
-0.3384916393488039, -0.13555147381492028, 0.9311547712585498
-0.29112536746284035, -0.19080801663080194, 0.9374637706114545
-0.24336273909027012, -0.24107712328144507, 0.9394979498928265
-0.19322578916419167, -0.28893234251795985, 0.9376469995947085
-0.13822968196449703, -0.33631156155198166, 0.9315509049914887
-0.0747841650170871, -0.3850441685469089, 0.9198632055532588
-0.008772068675013404, -0.43075875286588455, 0.902424483068023
-1.7081032054796912e-15, -0.4358884709620618, 0.9000006893788225
