1.0035847577260795e-10, 38.510839755435946, -0.1399521635132263
-7.937579706414601, 38.455112213796745, -0.15537029644420924
-14.848104451996818, 38.15743284643475, -0.16876135469421327
-21.392596158994422, 37.221543688769586, -0.1827885803177681
-26.556090551181352, 35.46129348194179, -0.20016539897675098
-30.30166352806188, 32.222052333244676, -0.21754232310947028
-33.136956717634476, 27.6269495081453, -0.2359413098292954
-35.325853920728484, 21.64663924731919, -0.25551692073057936
-36.83866890190404, 15.007978264262125, -0.2689468399849711
-37.71534749687584, 9.501293440489, -0.2760477336581486
-37.67381188565774, 4.806009336083177, -0.2825064061882523
-37.039124047003824, -2.2583276961327154, -0.28889641633014324
-36.09623079557867, -9.804565708238613, -0.2952867759260871
-34.86544716898242, -16.90208851740216, -0.3017674449153946
-33.36447021682349, -24.04382991109066, -0.30891283989393997
-31.489398254197788, -29.935608321274536, -0.3171302055056993
-28.194147972602163, -33.74857394021555, -0.3253476290586785
-23.5602862973286, -36.34266728939392, -0.3335650536166012
-18.047282542122872, -37.63473734248393, -0.341782477799428
-9.974579466317136, -37.717769720702165, -0.349999900000141
0.0, -37.715513916594844, -0.349999900000141
1.287646715976437e-16, -37.564238458819105, -0.3899521635128126
15.582633751578937, -37.517394157514744, -0.40537029644331823
23.426389681264286, -36.31350304632551, -0.4187613546950815
29.43260752541162, -32.85519589863758, -0.43278858032095385
32.95597883287337, -27.443622972148923, -0.4501653989811642
34.53309797808678, -19.835125680894226, -0.4675423231151957
35.631464180795184, -11.337651957629642, -0.48594130983713774
36.374138332180515, -1.5746283443104723, -0.5055169207400573
36.793022281113366, 8.833023542859685, -0.5189468399893734
36.968050558812614, 16.198938727914037, -0.5260477336620043
36.30593871774649, 20.66533720515874, -0.5325064061924795
34.88653371522271, 25.07033258087924, -0.5388964163339817
32.81084081358025, 29.02996837848102, -0.5452867759292497
30.160719387697263, 32.230863212931496, -0.5517674449181759
27.020672554553997, 34.65879631683929, -0.5589128398968002
23.231800977221496, 35.99320933416748, -0.5671302055079582
18.657331772565012, 36.50754317749588, -0.5753476290603281
13.921345682575508, 36.74838202208325, -0.5835650536176483
9.150880513881107, 36.79926576725645, -0.5917824777998774
4.42922895113346, 36.76971058900258, -0.5999998999999964
1.4779288903810084e-12, 36.76891261997692, -0.5999998999999964
9.464675040910323e-11, 36.6949114462606, -0.6342430486454508
-21.166871039770097, 36.67735934829826, -0.6506306381063529
-29.24728484275828, 34.971204514519755, -0.6620486647814285
-34.328228921546064, 30.210140667018095, -0.6733972746842944
-36.44243925174788, 23.370317342148216, -0.6869118213927428
-36.55234058251155, 14.639985302976442, -0.70407266793941
-36.50856798736872, 5.594695558704157, -0.7212335243003379
-36.46775941333443, -3.799017372570854, -0.739847445847547
-36.43210212948433, -13.783906262646784, -0.7591776385425855
-36.39103505962699, -21.806972237332246, -0.7701674808190391
-35.81249369423129, -26.176377053392585, -0.7770932034601923
-34.46668290076634, -29.37503988229133, -0.7835778599953396
-32.432130589298225, -32.060145401311416, -0.7900184031612811
-29.807954387001267, -34.162828120238686, -0.7964595353288354
-26.72436432978389, -35.578273009334396, -0.8031289777774946
-23.140408031422005, -36.22490591495844, -0.8112508325899077
-18.84083417384628, -36.30536276537767, -0.820938089467953
-14.167590711158862, -36.277977376644294, -0.8306253606170999
-9.46970067192039, -36.25311866478924, -0.8403126314860663
-4.747169983325567, -36.22963174946622, -0.8499999000000823
0.0, -36.22864999341087, -0.8499999000000823
3.482739202112156e-16, -36.15464881969994, -0.8842430486430425
19.35187644329703, -36.134191111174545, -0.9006306381050297
27.643833970213294, -34.94890788600076, -0.912048664780527
32.68681378441036, -31.14803481418768, -0.9233972746841016
35.43787093402301, -25.475865685369797, -0.9369118213919577
36.0173792848513, -17.925736234421656, -0.9540726679380873
35.97040002268047, -9.077188267532417, -0.9712335242986665
35.92688639590706, -0.15566024479037077, -0.9898474458453241
35.88849445876614, 9.419819454781047, -1.0091776385400175
35.86808205647189, 18.87704008423004, -1.0201674808175838
35.63722610199624, 24.248635004580485, -1.0270932034583542
34.61140650606121, 27.64435204631631, -1.0335778599929868
32.8798574783209, 30.511151061634834, -1.040018403159046
30.514101075433864, 32.857963587927564, -1.04645953532672
27.642848977153427, 34.56281726110963, -1.0531289777753488
24.317096152916786, 35.55656638241561, -1.0612508325874943
20.11259157244158, 35.76874227220684, -1.0709380894660379
15.121413263141001, 35.739142590848004, -1.0806253606157852
10.105582633236155, 35.713524477892506, -1.090312631485361
5.065111015523848, 35.68955290993021, -1.0999998999999963
1.4219736499399005e-12, 35.68838736684513, -1.0999998999999963
9.115245967447702e-11, 35.64640532561654, -1.1240939660421962
-17.421646223906126, 35.62562512420081, -1.1429444257525538
-25.966354714454408, 34.92015323679463, -1.1519208753412575
-30.90521356190977, 32.05055448287711, -1.1601487047470045
-34.12249820585575, 27.50527844803814, -1.168337098688738
-35.24500293654605, 21.170541674743383, -1.1765903382729594
-35.46526710461758, 13.255912693366932, -1.1865678399252824
-35.51299993691092, 5.529994727782095, -1.2026980793504247
-35.48077974110141, -3.189875929170856, -1.22100383895664
-35.45212048676067, -12.31627069709054, -1.2408654212939494
-35.33885394118164, -18.656639411282647, -1.2613562599576997
-34.71201834832237, -24.222319222708414, -1.2714648633670502
-33.56111033755312, -27.834881697321634, -1.278788053350515
-31.685708970057743, -30.593075991650817, -1.2858143755156428
-29.20653940566075, -32.76937840290505, -1.2928292622130995
-26.187807299150073, -34.297148881356165, -1.2998474135237483
-22.437358593039328, -35.04801867732043, -1.307601305789131
-18.00306412339725, -35.31797285812623, -1.318692245923858
-12.862726007297852, -35.286919357982676, -1.3343347279984892
-6.525588678423588, -35.25470198137852, -1.34999990000011
0.0, -35.252781758029776, -1.34999990000011
3.2236699263650567e-16, -35.21079971680027, -1.374093966042839
14.61096383620215, -35.18667636663237, -1.3929444257529848
23.693684732836346, -34.862411961541696, -1.401920875341788
28.319595545515604, -33.048003206706966, -1.4101487047483046
31.707853350288655, -29.904606483942352, -1.4183370986912627
33.743135755627456, -25.501641335018707, -1.4265903382769292
34.806994640197104, -20.143602780929328, -1.4365678399320372
35.08560069017518, -14.371107406226947, -1.4526980793622808
35.046438496755414, -6.405924487360952, -1.4710038389700673
35.01026794178907, 2.3330699702451443, -1.4908654213109416
34.955758666427904, 10.86361784624767, -1.5113562599734325
34.802649829017724, 19.903347149870353, -1.5214648633745682
34.36350067038141, 24.61231727764232, -1.528788053357574
33.058554770624994, 27.92181491553155, -1.5358143755222575
31.010582008521148, 30.691041565378008, -1.5428292622191522
28.299828667733, 32.851262283502756, -1.549847413529346
25.058883145462996, 34.255221851971385, -1.5576013057946645
21.212745921717186, 34.88424593924025, -1.568692245930104
15.777896105937646, 34.85410240512756, -1.5843347280016882
7.986066339959703, 34.81985105282625, -1.5999998999999963
1.3751222383007189e-12, 34.81717614921478, -1.5999998999999963
8.814089009276842e-11, 34.7756714068765, -1.6239626741616504
-12.249988239785607, 34.7491610141077, -1.6426819903274388
-21.820008069169837, 34.7267077105098, -1.6517482880009213
-26.262282828560668, 33.702397517021225, -1.660095428979012
-29.84060486879795, 31.534482633485858, -1.6684055927636436
-32.57035212074186, 28.38437113096503, -1.676774214661859
-34.225803467204074, 24.517839423779215, -1.6867831458916993
-34.655474398941756, 19.45262186881272, -1.7027898907780017
-34.61264694442129, 11.273952156492822, -1.7210015613472787
-34.5735782916811, 2.010288490475007, -1.740758014449685
-34.54076353527526, -8.014691525659421, -1.7611304052606402
-34.53416808672454, -18.34139002197174, -1.7712251826520347
-34.28218275294611, -23.429422351555978, -1.7786391755223723
-33.09442893134872, -26.941586692146785, -1.7857705155925978
-31.103918889394073, -29.896960100860042, -1.7928914365316466
-28.40568202198004, -32.22058766434762, -1.8000149425117993
-25.189504936576434, -33.7607299162173, -1.8078421927678296
-21.31383947442508, -34.44941736815281, -1.818849382945578
-15.72743480509388, -34.42060572092264, -1.8344114318046825
-7.862137632439785, -34.38673219978905, -1.849999900000071
0.0, -34.38416344732245, -1.849999900000071
4.653724287304055e-16, -34.34265870499636, -1.8739626741546855
12.056072606549787, -34.315909155520174, -1.8926819903214436
21.467322441220112, -34.29212939605674, -1.9017482879942667
25.872145511455734, -33.27360929906102, -1.9100954289705543
29.428929018558357, -31.119318138660347, -1.9184055927536585
32.143675840063445, -27.98877469901909, -1.926774214649556
33.79121534084713, -24.14783460052066, -1.9367831458723503
34.22182433937609, -19.14195564211981, -1.9527898907466295
34.1794332361714, -11.101941797501913, -1.9710015613141834
34.14055838653123, -1.9842026625099571, -1.9907580144105812
34.1076374612847, 7.881695096722172, -2.011130405226504
34.10059787410078, 18.04179260682943, -2.0212251826367336
33.848520130751034, 23.058625010849735, -2.0286391755094275
32.66837507302167, 26.545395064056855, -2.0357705155816124
30.690193915139425, 29.483771813838743, -2.042891436522743
28.008412978519242, 31.794850451675398, -2.0500149425048595
24.81184595769061, 33.32766351862946, -2.057842192761666
20.970159341472044, 34.014743412577054, -2.0688493829389674
15.478803835979319, 33.987205460032385, -2.084411431801194
7.738208924928395, 33.953613346752086, -2.0999998999999963
1.3282708266615373e-12, 33.951150745430304, -2.0999998999999963
8.517471737058838e-11, 33.92100526942568, -2.117404398686124
-11.65259251371399, 33.89617006804783, -2.134796033781287
-20.799725019510646, 33.87203569653157, -2.1443085821186205
-25.151038135736055, 32.95195728172511, -2.1509138925955007
-28.600697561680064, 30.97652271085495, -2.157133407413096
-31.25583780579244, 28.109632501092396, -2.1633104916705532
-32.94394503627975, 24.60169831361866, -2.1694876985361833
-33.553844224841015, 20.1034017504027, -2.175671123418035
-33.70852945218713, 13.118740997051065, -2.182388449705961
-33.78621185102688, 5.463967995305164, -2.1936857820357814
-33.75600050330842, -2.552620469482938, -2.2149127777578608
-33.723171835919565, -11.681954747331446, -2.2371601792887863
-33.51983537385367, -17.463434954140183, -2.260531868902902
-32.74386282810487, -23.244744972386876, -2.2720336738707303
-31.37567771805983, -26.971476242243924, -2.2805266806310955
-29.18220118874391, -29.745235675785768, -2.2888353356988196
-26.31460737784672, -31.82445299024313, -2.2971447250200807
-22.756824979935445, -33.0876683207013, -2.30582788164183
-18.064287061577552, -33.533513636137386, -2.3213282335091954
-10.794832016725127, -33.52290421948118, -2.349999900000105
0.0, -33.518138043537945, -2.349999900000105
5.473823622400865e-16, -33.48799256752128, -2.3674043986931785
9.909070067117401, -33.461814277955014, -2.3847960337946685
18.611014880751227, -33.446214558420024, -2.394308582127236
23.065402765253346, -32.97190849075534, -2.4009138926060976
26.285070881709288, -31.671257803101277, -2.4071334074259556
28.917394679571274, -29.66927539681847, -2.4133104916835597
30.916459406346476, -27.10367592015978, -2.4194876985494007
32.19061267495453, -23.884161390915352, -2.425671123431611
32.95791425821924, -19.507843077395446, -2.432388449720994
33.34556143490313, -14.780110230083066, -2.443685782074538
33.325956933809714, -8.938252974960337, -2.4649127777943844
33.284253667206364, 0.26203948892144213, -2.4871601793238156
33.20074186075021, 8.914750497806736, -2.5105318689289136
33.01263049838282, 18.59614975566028, -2.52203367388033
32.45583961126705, 23.62306808357367, -2.5305266806381534
30.84134174338969, 27.14443548251356, -2.538835335704947
28.30102316200085, 30.010834268099206, -2.547144725025267
24.978934044912275, 32.0274215428235, -2.555827881646186
21.002214494842306, 33.05157394028798, -2.5713282335168577
13.851455106462112, 33.09219509220792, -2.5999998999999963
1.2818635042322057e-12, 33.085125341645856, -2.5999998999999963
8.21958395953767e-11, 33.06262513544695, -2.6129904001057582
-8.288249930407765, 33.042845480396686, -2.6259809037480295
-16.466946847018114, 33.03099512371257, -2.637220385188981
-21.04869760078698, 32.91926766825195, -2.6452885910501545
-24.161066240258954, 32.18864891533514, -2.652101091108345
-26.836835771608158, 30.865612925666404, -2.6586474265586215
-29.129867590306972, 28.9945602083259, -2.66517331841277
-30.94640520673763, 26.65244725144467, -2.671699748318259
-32.20358220377425, 23.95949523671998, -2.6783393354021636
-32.86772652450688, 20.8322841875286, -2.685999040327964
-32.91939403125607, 15.7952682887622, -2.701293608377831
-32.87730225363501, 6.411098777586602, -2.7210673680345
-32.84161523652267, -3.670831372154363, -2.74120633637364
-32.81551536578366, -14.074104008659525, -2.760508263387098
-32.57384364078868, -20.59809800874349, -2.7729857171442456
-31.433344623040156, -25.030994042721034, -2.783260581025444
-29.087372194072515, -28.544180880579567, -2.793444135246514
-25.70410885476467, -31.133374204327573, -2.8037856253148092
-21.49440588743135, -32.535618469026325, -2.8190800260959854
-14.184637519644578, -32.65940415309303, -2.849999900000091
0.0, -32.65211263975352, -2.849999900000091
5.608804532411507e-16, -32.6296124335507, -2.862990400108117
7.133857941519515, -32.60917655184419, -2.875980903752656
14.16127206098078, -32.5952902293396, -2.8872203851939116
19.084510304674225, -32.5409787021362, -2.8952885910553086
22.541249845095862, -32.09952729562593, -2.902101091114279
25.4117601189402, -31.000581489796723, -2.9086474265660196
27.892214873111023, -29.318059976935437, -2.9151733184218314
29.922673924091722, -27.1123681981652, -2.9216997483289524
31.402308728857513, -24.49596035204145, -2.9283393354153424
32.27959452613046, -21.492743500899472, -2.9359990403434324
32.48948206403597, -17.39442781903718, -2.9512936084100305
32.44605139242394, -9.547073450264913, -2.97106736806358
32.40797361787336, -0.19688048790727697, -2.991206336400266
32.37794574340798, 9.28882061542372, -3.010508263403633
32.310577451211415, 17.571157242705134, -3.0229857171544285
31.68719127436699, 23.01592160218078, -3.033260581033401
29.56086732365796, 27.144272475176123, -3.0434441352527086
26.11207981974348, 30.266392016948963, -3.0537856253195907
21.671567423328963, 32.00991650110953, -3.0690800261022995
14.5178199260662, 32.22661321397162, -3.0999998999999963
1.2347900479880991e-12, 32.219099937861415, -3.0999998999999963
7.921199885577937e-11, 32.20087402697971, -3.1105226345537726
-6.044631756638446, 32.184100156976456, -3.121045372519171
-12.034460905091144, 32.1696444319894, -3.1315681089521155
-17.22144122721416, 32.159277546293424, -3.1412956243372956
-21.024227299242817, 31.963775790618197, -3.1482714937041876
-24.063482398155077, 31.07303573357339, -3.1545948385887113
-26.691070079357214, 29.57615731668309, -3.1607950415568338
-28.89045118297593, 27.527311677363933, -3.1669896069762093
-30.55746956038744, 25.030684408188723, -3.1731848127270297
-31.631014747861403, 22.184371046049357, -3.1795578399075204
-32.038955827603424, 18.76836819429682, -3.1869050093289255
-32.049161794559126, 12.43971606354787, -3.2016484112096304
-32.011921612495826, 4.004930460704243, -3.220242936820532
-31.978578958394166, -4.831369195483222, -3.2398192206655207
-31.948446950861072, -13.44129728431084, -3.2606372034557296
-31.617179239580345, -20.265799018052945, -3.2755593425702667
-29.97941351005, -25.3617559023186, -3.287824080753805
-26.692322050622494, -29.109061528329207, -3.3000104371503944
-22.143420115249427, -31.352898562658318, -3.3144947786609507
-15.35247076160313, -31.794594824433904, -3.3499999000000913
0.0, -31.786087235969077, -3.3499999000000913
6.661338147750939e-16, -31.767861325087427, -3.3605226345538384
5.39362187576543, -31.750799330309945, -3.371045372519261
10.732441367866665, -31.735588343023544, -3.3815681089522514
15.679491871831996, -31.72375401596727, -3.391295624337594
19.80827615319345, -31.6260862082717, -3.398271493704601
22.884294743665315, -30.93175874417544, -3.404594838589137
25.51441230427387, -29.654008557215946, -3.410795041557094
27.763050506022132, -27.851718132813488, -3.416989606976291
29.550940600855032, -25.598986065137197, -3.4231848127269338
30.805317264670975, -22.996244610791905, -3.429557839907154
31.478563634913705, -19.984407237067142, -3.4369050093282123
31.620034663019666, -15.576323658678497, -3.4516484112072248
31.580831499493577, -8.422902141586132, -3.4702429368171543
31.544569736126753, -0.07582106124278742, -3.4898192206605847
31.51108032951387, 8.465195218060678, -3.5106372034497495
31.420980383585288, 17.115606271715798, -3.525559342567439
30.3939377020708, 23.41069587102877, -3.5378240807513066
27.323321180126946, 27.862798844380013, -3.5500104371480936
22.667839909577147, 30.66290611663149, -3.5644947786583483
16.18712159527602, 31.36257643489547, -3.5999998999999963
1.1877165917439925e-12, 31.35307453407697, -3.5999998999999963
7.620825321400995e-11, 31.335360777263936, -3.6102269422643607
-4.786304890975823, 31.318541290174345, -3.620453988125593
-9.561500501728966, 31.30316901770166, -3.630681032941254
-14.32657975759684, 31.290282522902327, -3.640297119884631
-18.733168884391443, 31.272523654329525, -3.6472444742745616
-21.846426196157243, 30.738917557469872, -3.6534097906708394
-24.481261192288635, 29.637278417401266, -3.6594207261138907
-26.77081553590111, 28.030267834089763, -3.6654152876821198
-28.65470724284117, 25.96846206641915, -3.6714102415883216
-30.051146088582307, 23.551032622670526, -3.6774279928914018
-30.92413420376447, 20.829253369555307, -3.6842272227447093
-31.197739902672314, 17.566678124351125, -3.695216840803672
-31.15855430481226, 11.298455867307872, -3.7148398791485153
-31.119918834846615, 2.866731025134274, -3.734824310424293
-31.083493993797028, -5.9322193118341335, -3.756427680863818
-31.061048405319546, -15.365379796305493, -3.7734193425402958
-30.281443506006976, -22.33271680469697, -3.786130875169625
-27.33201065084003, -27.064741534740662, -3.7987160842462715
-22.685967530631622, -30.090644017829113, -3.813341004836195
-16.204979455618826, -30.929569091284606, -3.849999900000074
0.0, -30.92006183218465, -3.849999900000074
5.50569793193899e-16, -30.902348075370213, -3.860226942265249
4.65050874853141, -30.885457989027284, -3.870453988127295
9.289908296523054, -30.869900062880802, -3.880681032943749
13.919191734812642, -30.856698012984697, -3.890297119887127
18.236076250749075, -30.843499631799844, -3.8972444742770325
21.30255876033366, -30.353145224777524, -3.903409790673509
23.88116166506243, -29.31899996958147, -3.909420726116513
26.132849221597084, -27.805056362256835, -3.9154152876846977
28.009298857011203, -25.854818757646136, -3.921410241590853
29.433680102240178, -23.555160312299606, -3.9274279928939504
30.363624230960532, -20.982193970774112, -3.93422722274784
30.757565697485568, -17.905569584730728, -3.945216840810388
30.72636722921684, -12.566532041616414, -3.964839879154689
30.687183440809594, -4.031578944910912, -3.9848243104296595
30.64998836653821, 4.726767975373871, -4.006427680867997
30.626392167712503, 14.194493117570383, -4.023419342541913
29.991878965794527, 21.536578436476777, -4.036130875170582
27.184207189952165, 26.374237508087887, -4.0487160842466805
22.619933922177886, 29.53488023596619, -4.063341004835992
16.222837317162842, 30.496561747676203, -4.099999899999997
1.141309269314661e-12, 30.487049130292522, -4.099999899999997
7.318692487735346e-11, 30.463771982015153, -4.113438967823906
-4.592741728390234, 30.441271974509302, -4.1268780399755505
-9.241403729363867, 30.423892937944068, -4.138108073256042
-13.827824328488552, 30.415536263993783, -4.14493047234801
-17.981855049733905, 30.38098361588303, -4.151378594222267
-20.9962268289044, 29.87712355291099, -4.157765588794338
-23.537715008230254, 28.83656254063203, -4.164110181724496
-25.757717428602405, 27.321701601077002, -4.170455005931654
-27.607251492309608, 25.374653906130657, -4.176803927832049
-29.009777011480587, 23.075241462871904, -4.18378328991873
-29.916930371795434, 20.45042795138726, -4.194558223326347
-30.287576280551193, 16.964337704759345, -4.214956028589873
-30.255858948260084, 10.83150845338017, -4.2359590854623175
-30.213735603808246, 1.6450482148920713, -4.258237640774431
-30.193261034933393, -7.683762024473784, -4.271107510876315
-30.0513525911812, -15.987037970691524, -4.281869177508185
-28.96100543975377, -22.354647259941643, -4.292501128474759
-25.97180613893328, -26.6478596428198, -4.3031750307806185
-21.513146346289716, -29.339670081898, -4.317771373929702
-15.030813534247052, -30.061698702458862, -4.349999900000083
0.0, -30.054036428400178, -4.349999900000083
5.610796573235102e-16, -30.030759280123377, -4.36343896782366
5.215169264519264, -30.00842943547937, -4.37687803997499
10.486258812550199, -29.991499476776653, -4.388108073255539
15.220830169489858, -29.984503248105824, -4.394930472347999
18.706531478939453, -29.823514102682203, -4.4013785942227655
21.521382449978127, -29.12985655220548, -4.4077655887950336
23.982336487626576, -27.90142215183976, -4.414110181725368
26.098016638155407, -26.196614678209997, -4.4204550059327214
27.79931722953948, -24.075949966936246, -4.426803927833337
29.016717651124814, -21.634716842307668, -4.433783289920552
29.718574212172783, -18.77638305946049, -4.4445582233309056
29.85814424621725, -14.461099025191155, -4.4649560285937255
29.82034106916975, -6.380546952232649, -4.485959085464778
29.780707397135117, 2.9732857282036256, -4.508237640775004
29.763018633815804, 12.66334922785071, -4.52110751087669
29.443918071865415, 18.94412547712343, -4.531869177508546
27.71829037416968, 23.681214312496262, -4.5425011284750205
24.517295755440173, 27.158833671268518, -4.553175030780795
20.253678474063708, 29.209125654907137, -4.567771373930073
13.838789751194103, 29.626835657241692, -4.599999899999997
1.0942358130705543e-12, 29.621023726508096, -4.599999899999997
7.018324396713806e-11, 29.597274092962977, -4.613711757320425
-5.767043305838911, 29.57461632317566, -4.627423619182977
-11.531202513115739, 29.55862794285469, -4.638308509577979
-16.325003868505434, 29.552678864340635, -4.645126501623096
-19.228252576256338, 29.2865264444413, -4.651528201559449
-21.851417676751737, 28.44874009924031, -4.657872366431291
-24.217952827796996, 27.091637313374648, -4.664185324085878
-26.226760697556713, 25.270967863049744, -4.670498506122681
-27.798014958214818, 23.06060422078391, -4.676813094473682
-28.87128603743793, 20.56760124861365, -4.683526077044941
-29.42928621961933, 17.652798596274206, -4.692875248004027
-29.429079450601527, 13.175412930216442, -4.713766172680375
-29.38681162727534, 4.447804358384128, -4.735601756913876
-29.347344199393024, -4.575125041526693, -4.758408973578912
-29.33044810873218, -14.107185131973704, -4.771191388912529
-28.948375462507713, -19.537347048881905, -4.781962835858325
-27.088053851587297, -23.704464347248106, -4.792626491841423
-23.912810795787436, -26.914437353206594, -4.8033223748310405
-19.791832662682175, -28.80961305682326, -4.816817359683686
-13.82169655863957, -29.19358041044146, -4.849999900000111
0.0, -29.18801102461568, -4.849999900000111
5.49022224430754e-16, -29.164261391075367, -4.863711757317764
5.733908514701026, -29.14153700268399, -4.877423619177582
11.464933012652104, -29.125376950356348, -4.888308509573758
16.111837236956625, -29.119134095400817, -4.895126501618112
18.966146049425497, -28.830047360162034, -4.901528201553966
21.532714788210374, -27.988611859294394, -4.9078723664255826
23.847986022122463, -26.645847218580307, -4.914185324079867
25.816639531804455, -24.85382356546997, -4.920498506116358
27.360712747035628, -22.6842867719198, -4.926813094466987
28.422186674095116, -20.240281354503402, -4.93352607703701
28.982567203656494, -17.43013702235544, -4.9428752479853895
28.995963085714088, -13.321550428352353, -4.9637661726546645
28.953812049484792, -4.6277843931702956, -4.985601756885552
28.914255669004234, 4.427854884432289, -5.0084089735538235
28.89701662908754, 13.920887572541451, -5.021191388898764
28.49498258295771, 19.245182516425217, -5.031962835847128
26.641051494417646, 23.338660918501063, -5.042626491832903
23.504523512226267, 26.49625745458455, -5.053322374825134
19.446516103050563, 28.368362175505837, -5.0668173596769215
13.804603368657416, 28.760325163644197, -5.099999899999997
1.0480505352461478e-12, 28.754998322723647, -5.099999899999997
6.713418874953903e-11, 28.71768668383846, -5.121541784754269
-5.926197123869839, 28.691412211097997, -5.137305679712365
-11.736749888821345, 28.68029563751039, -5.145321846498763
-16.17857285963769, 28.636356815213812, -5.15248935445962
-19.019472672526156, 28.24132730340356, -5.159574085522123
-21.56260166128631, 27.28633818389818, -5.166658215140643
-23.831525320837834, 25.82003512218328, -5.173743162175171
-25.7256344287388, 23.898585789233216, -5.180976002369705
-27.16528740585825, 21.585173196829672, -5.189288247950867
-28.072958485640076, 18.785907185945625, -5.209734575706882
-28.485124605804458, 14.317787912967233, -5.233444596694378
-28.486266006501705, 8.12081503941218, -5.25716766263471
-28.46586796304094, -1.2235812078580603, -5.267970029976382
-28.39609148887046, -8.932206376002677, -5.276305200412954
-28.027366474390156, -16.316984826694792, -5.284424693018035
-27.095609672971946, -20.758629514833423, -5.292543170674319
-24.9869132741029, -24.171377766331773, -5.300663126312669
-21.903908517052272, -26.692931237693603, -5.309195999825483
-18.070887624566577, -28.101806157819468, -5.324233251851169
-12.091653918616306, -28.32591644371347, -5.349999900000077
0.0, -28.321985620831292, -5.349999900000077
5.043836203703304e-16, -28.28467398195086, -5.3715417847515985
7.412486137440059, -28.25882472565588, -5.387305679709883
13.545650595232122, -28.248830867894178, -5.395321846495696
17.32844339925519, -28.029139037817764, -5.402489354455645
20.11646429935611, -27.29155628471129, -5.409574085517448
22.593280540694057, -25.978697651953105, -5.416658215135371
24.7079450408874, -24.14369585307738, -5.423743162169285
26.35379561640177, -21.874143320894298, -5.430976002362699
27.466319264285282, -19.237664468758062, -5.439288247940132
27.95864858893267, -15.96908246815494, -5.459734575683081
28.079188057120117, -8.749176559530763, -5.483444596671357
28.05094000910166, 0.2784436745252741, -5.507167662619209
28.034531308454, 10.055096538465694, -5.517970029969585
27.886327658622005, 15.395860482838327, -5.526305200407374
27.033712389427954, 19.644661834308653, -5.534424693013414
25.438861528386838, 22.826942592441924, -5.542543170670648
23.05388093662715, 25.313423592647368, -5.550663126309917
20.082192394572367, 27.021274107966352, -5.559195999823418
16.588286417433263, 27.869917462305544, -5.574233251848354
10.37870447244631, 27.89150772378638, -5.599999899999997
1.0011991236069662e-12, 27.888972918939206, -5.599999899999997
6.417344948366331e-11, 27.863576543446996, -5.6146625042268665
-8.502890818706522, 27.83992941568442, -5.629325111798425
-14.740153530429126, 27.826523530593846, -5.639683597166862
-17.976439531725365, 27.497979142990097, -5.646728609340885
-20.652696746242263, 26.5614580893958, -5.653381558812402
-23.01229236895022, 25.07958324464162, -5.660017116990028
-24.972764082205167, 23.10860423290732, -5.666652304012257
-26.438075252103406, 20.752288997023943, -5.673288082846731
-27.362586689122296, 18.08936301890008, -5.679978087061163
-27.681169521910842, 14.937287934612172, -5.68733289929593
-27.71419509969007, 7.893196752627071, -5.701943153507014
-27.674377669560737, -0.3163705563267083, -5.724259017837289
-27.63794495001355, -9.064359196689159, -5.7465754128208255
-27.501665578313528, -14.362173121253809, -5.764662418025213
-26.8530222945788, -18.73113555437215, -5.775172499618721
-25.429634182482943, -21.85688210558229, -5.785247897892338
-23.193640951143145, -24.446564837472565, -5.795321704885944
-20.283928288780253, -26.32916270061992, -5.805478083323147
-16.824544486700972, -27.35387873305514, -5.81874618609266
-11.273391912526375, -27.458660174741503, -5.8499999000000384
0.0, -27.4559602170469, -5.8499999000000384
6.138784157066457e-16, -27.430563841554118, -5.864662504227237
7.018710129588402, -27.40634449714185, -5.879325111799017
12.93546930056242, -27.39144650005714, -5.889683597167522
16.583023663221535, -27.22281513077929, -5.896728609342263
19.25076554550729, -26.530293288925286, -5.903381558814524
21.609137571114974, -25.32895197139497, -5.910017116992899
23.648428937201075, -23.659119810828155, -5.916652304015706
25.276846517235462, -21.594383507316603, -5.923288082850725
26.433427450643137, -19.217128574058876, -5.929978087065903
27.070449032325605, -16.50776188894378, -5.937332899301969
27.283228063543334, -12.16082822309997, -5.9519431535264005
27.24198848562252, -5.882291356572425, -5.974259017857156
27.2029193534911, 2.432061801548354, -5.996575412841075
27.145794501421634, 9.899962186923995, -6.014662418035667
26.96711861363626, 16.181680445740728, -6.025172499627423
25.931040375679164, 19.906234160047987, -6.03524789789966
23.860794230687205, 23.048566567824015, -6.045321704891441
20.891131906971847, 25.421886227391276, -6.055478083327003
17.26919743444668, 26.791424896489303, -6.068746186097273
12.16807935189777, 27.025812625696258, -6.099999899999997
9.54236689665322e-13, 27.02294751515478, -6.099999899999997
6.117326004136401e-11, 26.998085868433, -6.114353778427313
-5.690572196037497, 26.973524439764084, -6.1289141034101835
-11.37452138870591, 26.957679971221644, -6.139076342626498
-15.378663076477318, 26.917658957008467, -6.147027795559008
-18.090990264661308, 26.402994896087574, -6.154814067004497
-20.511390775828414, 25.373098515593504, -6.162599007688269
-22.665384088143472, 23.849849873238583, -6.1703839663835565
-24.44561299293686, 21.884597859268034, -6.178170226245889
-25.764393653166522, 19.56606861244521, -6.186492528234496
-26.557544190336, 16.86383672393758, -6.20947831788107
-26.80291865742047, 12.402492292656262, -6.229269602058149
-26.771705095824114, 5.913017018263391, -6.245702422777507
-26.74543250332342, -2.2810559411703117, -6.26038018945928
-26.73073716961894, -10.045043169804249, -6.269783554095595
-26.572229868251046, -15.914506191918392, -6.278635965406766
-25.506598078260758, -19.589599153271877, -6.287486188255806
-23.446927465695502, -22.67179608696309, -6.296336396772441
-20.55949106355192, -24.976782144937566, -6.305191214213712
-17.110176474847158, -26.3173435641599, -6.3177769700391035
-12.141261670069028, -26.59240309743515, -6.3499999000000695
0.0, -26.589934813262403, -6.3499999000000695
6.661338147750939e-16, -26.565073166541566, -6.364353778426841
5.5344819773927725, -26.54038941264474, -6.37891410340915
11.101147909474724, -26.5242259881813, -6.389076342625606
14.999128661860455, -26.484807364345873, -6.39702779555819
17.830137387684296, -25.934192245877597, -6.404814067003798
20.385806791457256, -24.792592979397362, -6.4125990076877875
22.623506043227685, -23.093241242169523, -6.4203839663833495
24.41228140500568, -20.909106687528958, -6.4281702262459675
25.65708842732389, -18.357760611637747, -6.436492528234966
26.293728356923484, -15.34348611689056, -6.459478317884986
26.36762892265096, -7.982000840209624, -6.479269602061867
26.337931892492485, -0.6163084334327247, -6.495702422782906
26.3128393613635, 6.322640452893595, -6.510380189463385
26.298450612278828, 12.501487493368732, -6.519783554100194
25.971792788780856, 16.608517985189877, -6.528635965412328
24.76746333387024, 19.84108212732009, -6.537486188260311
22.73414389532013, 22.58137684484698, -6.546336396775837
20.023678813532612, 24.631336609660657, -6.55519121421601
16.86381308826725, 25.85383488697082, -6.567776970042935
12.114443984962579, 26.158993569172644, -6.599999899999997
9.072742557236779e-13, 26.15692211137034, -6.599999899999997
5.818660651226584e-11, 26.136524155316916, -6.6117766654183585
-5.3428333347296295, 26.116248950240788, -6.62372126027412
-10.708968843924115, 26.097003478371732, -6.6354732107605585
-14.520008148136332, 26.05521544117636, -6.6464643562866845
-17.531898119921404, 25.472831579544568, -6.656714305016717
-20.26980877808724, 24.188560689788606, -6.666955971119618
-22.62622783938578, 22.23746640961761, -6.67719997748201
-24.42117583629262, 19.713764557832096, -6.688180963426611
-25.526697254722425, 16.709100620468853, -6.701774463626061
-25.94837087382686, 13.089889157477158, -6.71537181668643
-25.933933150089434, 5.241758184903711, -6.728969159338585
-25.909940585856926, -1.5457138379103723, -6.742615783940151
-25.886878561742268, -7.333372118011234, -6.756295209153548
-25.865785956288647, -12.624517406092828, -6.769338431252861
-25.48824982354385, -16.527998976862076, -6.781186188039192
-24.052035159934153, -19.927625650746748, -6.79297596952929
-21.617688700155867, -22.751924289612663, -6.804770334973096
-18.37028028601652, -24.69356819978656, -6.818652386538808
-14.265880941832219, -25.55868670918788, -6.834326141770218
-8.896323975121339, -25.725060384086106, -6.849999900000064
0.0, -25.723909409477947, -6.849999900000064
6.080076963192973e-16, -25.70351145342524, -6.861776665418015
4.777822298963137, -25.683090270479397, -6.873721260273345
9.57053944891145, -25.66343888963538, -6.885473210759335
13.600052701604001, -25.634653496026957, -6.8964643562852
17.114984095199333, -25.052540988773625, -6.906714305014985
20.188188807359644, -23.55798580332906, -6.916955971117847
22.73247660919734, -21.22652516330153, -6.927199977480214
24.511342176952212, -18.225721687315264, -6.938180963424265
25.37879588269509, -14.600541027524404, -6.951774463623901
25.52133842226864, -10.058326733690285, -6.965371816684783
25.500719188420945, -4.068041167737624, -6.978969159337382
25.476914655212216, 1.4620781739624988, -6.992615783939366
25.453587709253803, 6.632629931438262, -7.006295209153175
25.431804892189092, 11.64252289343019, -7.0193384312528915
25.057553936823137, 16.143548451706963, -7.031186188039673
23.364639112129538, 19.958275810783785, -7.042975969529792
20.441428387747436, 22.983838017483897, -7.054770334973473
16.589643826317154, 24.835514256234127, -7.068652386539179
11.52805490104058, 25.307534997383097, -7.084326141770398
5.678203963726096, 25.291127198999224, -7.099999899999997
8.606448886894214e-13, 25.29089670758591, -7.099999899999997
5.5065163326967594e-11, 25.237055103727492, -7.131085364481255
-4.879376438103291, 25.210331733344347, -7.1465726393323905
-9.510028140396704, 25.112619572514717, -7.160115435254168
-13.9520544996658, 24.729373443401425, -7.173655004207951
-17.912810693442715, 23.5007199309385, -7.187502560304163
-21.021399113752675, 20.998807966311407, -7.204293596316258
-23.198166793327758, 17.293956300714694, -7.22115054742442
-24.529727329747306, 12.856487753162579, -7.238007489670313
-25.02304434765527, 7.801176454820581, -7.2547198722955315
-25.005007546203, 2.2008657349714817, -7.265204042050753
-24.951058556387224, -2.5804197802362325, -7.273022351839937
-24.689581015932596, -6.952524749512076, -7.280760431999484
-24.198993265255563, -11.174614290083, -7.2884974940664335
-23.470536306133866, -15.191816610536744, -7.29623473153543
-22.30552178674907, -18.79058040538925, -7.303973064144099
-20.157109985660433, -21.62065362801294, -7.31194268069021
-17.151678640657515, -23.63181998072605, -7.3213948539460905
-13.41676919430003, -24.655300136097843, -7.330983786763268
-9.084974760210871, -24.874634234293858, -7.340572723061699
-4.483871899274255, -24.85798767475834, -7.349999900000158
0.0, -24.85788400569333, -7.349999900000158
5.551115123125783e-16, -24.804042401829065, -7.381085364484793
8.169680284612928, -24.777136741363464, -7.39657263933627
13.320950905375273, -24.369156949844367, -7.410115435259707
17.68898603184028, -22.818837703089496, -7.423655004214894
21.113171960141862, -19.99546481560424, -7.437502560313668
23.161917902922507, -15.970972409109146, -7.454293596327641
24.00759512739489, -10.620845887930948, -7.471150547436061
24.4573086080354, -4.874934190872699, -7.488007489682244
24.589906095623515, 1.1653387088890956, -7.504719872305147
24.57165183453091, 7.219187491780544, -7.515204042055719
24.459891366831325, 11.365750129897828, -7.523022351844265
23.857909956700357, 14.595746257454767, -7.530760432003344
22.750448380080357, 17.54689148454799, -7.538497494069724
21.150297880203865, 20.117203921307816, -7.546234731538216
19.07779201267671, 22.164619628621757, -7.553973064146391
16.558571479498603, 23.573287544259852, -7.561942680692217
13.677183486107413, 24.316145125244304, -7.57139485394772
10.224338141415666, 24.44098568057483, -7.580983786764046
6.724533523878027, 24.441132651556753, -7.590572723061931
3.289539834598378, 24.424848150518162, -7.599999899999997
8.139044993527023e-13, 24.42487130380149, -7.599999899999997
5.217366055346723e-11, 24.40291821491698, -7.612674521777003
-10.5106408077463, 24.380458109653873, -7.62550889576042
-15.628910100973163, 23.785576499981005, -7.638313926365984
-19.58410761429087, 21.672412004181982, -7.649603694821739
-22.382666938074056, 18.30170325225549, -7.6607406777320595
-23.726617141971374, 14.113148998472937, -7.671876437107608
-24.021268946177905, 8.909204535134105, -7.68303773817207
-24.21160891401457, 3.7472491466961277, -7.695779774286644
-24.235758709531275, -1.4450773059445168, -7.709008950403411
-24.212898005911015, -6.555632745389328, -7.722238130233963
-24.105502339899967, -10.006715067858076, -7.735467346950527
-23.60706326394428, -12.782785209258247, -7.748827778939102
-22.771719203440366, -15.506518915636548, -7.762218518419555
-21.654002095118955, -18.15111870221422, -7.774089458253369
-20.011796904164413, -20.399478769356453, -7.785696823857812
-17.7864769560193, -22.20472577138754, -7.7973027444535585
-15.025382378336307, -23.421449572955765, -7.80896561319319
-11.665350693591819, -23.95625828251579, -7.822414187255749
-7.87418633481977, -24.015190560665232, -7.836207046103574
-3.9591462214746187, -23.991700535958586, -7.849999900000037
0.0, -23.991858601909087, -7.849999900000037
5.551115123125783e-16, -23.969905513023427, -7.862674521777716
7.213867860987732, -23.94743489381561, -7.875508895761759
11.801454622022323, -23.662302835431404, -7.8883139263676405
15.850352843314134, -22.686584429520778, -7.899603694823583
19.045922585139614, -20.70789963476071, -7.910740677734097
21.35154068748033, -17.84359417012294, -7.921876437109819
22.806450926738567, -14.110635910442749, -7.933037738174531
23.654972389775757, -10.136400977527739, -7.94577977428977
23.802148640441576, -5.750611121742198, -7.959008950407213
23.77979546762155, -1.3360896631040515, -7.9722381302385035
23.73059004939269, 2.506522381235919, -7.985467346955829
23.572612650876646, 6.181516284288815, -7.998827778945186
23.35369124870871, 9.946099716368476, -8.012218518426048
23.093916503574864, 13.806598615473577, -8.024089458259597
22.06925377009961, 17.18681616053767, -8.035696823863374
20.03645332621092, 20.093999688192582, -8.047302744457982
17.11394422817109, 22.257387600899555, -8.058965613196627
13.558038313743745, 23.429734456360514, -8.072414187258314
9.185177575961815, 23.581677738174207, -8.086207046104832
4.628752607779502, 23.558552921399414, -8.099999899999997
7.671641100159832e-13, 23.558845900017047, -8.099999899999997
4.910833226538543e-11, 23.518636371981703, -8.12321488183519
-4.526539230248158, 23.485184975486323, -8.142323732486883
-9.142044177538587, 23.42271844884719, -8.157375540855075
-13.606039428516427, 23.04149992902737, -8.172420060779979
-17.342300640683487, 21.502894362647314, -8.187744191126471
-20.332133408635833, 18.577953296985058, -8.21257005778078
-22.168440438076153, 14.197813588609101, -8.224279881266503
-23.14382102757997, 10.311429996799827, -8.23556868113674
-23.30350432769054, 5.914431314005883, -8.246857491010005
-23.284549168650987, 1.4337593941365832, -8.257969628618836
-23.27010840935573, -2.9206306822483787, -8.266005033947593
-23.178646413115978, -6.8857778575542525, -8.273365941144807
-22.911525156241154, -10.71182011217936, -8.28072458816615
-22.44427685972262, -14.410307587249555, -8.288082593014867
-21.23660602382548, -17.553307284290852, -8.295440679695847
-19.186879088092585, -20.1451598710005, -8.302799442806307
-16.47525138850201, -22.006757701428445, -8.310232973005835
-13.345024395341968, -23.00634108744165, -8.320062025829682
-9.439750029383369, -23.1499830157219, -8.335030959345815
-4.725678734173086, -23.125360635365567, -8.349999899999986
0.0, -23.125833198124724, -8.349999899999986
5.551115123125783e-16, -23.08562367009857, -8.373214881829874
6.139429844338061, -23.051560184864208, -8.392323732480552
11.675628580666807, -22.833604488527335, -8.407375540846909
16.19029126915446, -21.46034587615596, -8.422420060770682
19.685520383446516, -18.577961344416398, -8.437744191114835
21.826357334955325, -14.306039317374662, -8.462570057770257
22.517056685511122, -7.3853905478125155, -8.47427988125957
22.83443353143541, -3.366036401564139, -8.485568681130387
22.87093572598494, 0.7149290762633127, -8.496857491004254
22.851063408050138, 4.794288205114066, -8.507969628614731
22.83529807238519, 8.718904925357013, -8.516005033944774
22.630637603376634, 11.753684900021673, -8.523365941142547
22.017193369434644, 14.471856363266678, -8.53072458816436
20.999622673564506, 16.966213581501627, -8.538082593013442
19.4945809315454, 19.079124313240282, -8.545440679694742
17.55491823635419, 20.756696293019505, -8.552799442805522
15.308090329077968, 21.93592668684638, -8.56023297300534
12.865775108368279, 22.59135006245924, -8.57006202582929
9.633600164051987, 22.71623480442424, -8.585030959345621
4.822604860198455, 22.69216834933196, -8.599999899999997
7.204237206792641e-13, 22.692820496232606, -8.599999899999997
4.612383860235547e-11, 22.657673594574167, -8.620291973133687
-7.392569481185932, 22.629301944783602, -8.63580973092191
-13.384013708316603, 22.3239687699301, -8.647506991227344
-17.618443215951554, 20.41261442772184, -8.659162461788359
-20.706341121188544, 17.027058259535462, -8.670816072057038
-22.217959406208262, 12.693600655874885, -8.68247343026329
-22.456936315623672, 5.703447158830322, -8.695313795033977
-22.499472234206557, 2.1808307406449594, -8.711130129931696
-22.47327086375195, -1.4966888559376064, -8.726480916208786
-22.444936312215223, -5.200426721670263, -8.742563800895905
-22.419040045988737, -9.031745904012913, -8.75639207729152
-22.249620706992886, -12.070265538585039, -8.766279922423168
-21.689722183695164, -14.54389588195771, -8.775630592758336
-20.616246207874575, -16.81284269818115, -8.78497958863853
-19.056388671447074, -18.81394136573241, -8.794327992628656
-17.066910376842124, -20.43136532995657, -8.803677875681107
-14.744068183231093, -21.576375764187055, -8.813111147292217
-12.173357514246, -22.19209873913136, -8.82471186266902
-8.774956894370831, -22.27906464683052, -8.837375785545378
-4.361263935281543, -22.259119679340436, -8.849999900000078
0.0, -22.259807794340105, -8.849999900000078
4.950946157205673e-16, -22.224660892692143, -8.87029197312771
6.7873157825227945, -22.196152025887592, -8.88580973091473
12.101388544533414, -22.030723486507448, -8.897506991217456
15.896525887443545, -20.731198010630024, -8.909162461776198
18.941269769952665, -18.2536327475352, -8.920816072042955
20.91511180812101, -14.924362448145875, -8.932473430247276
21.83941739403653, -10.277513786252754, -8.945313795011906
22.064516452770405, -6.666274897996094, -8.961130129909412
22.040003883778205, -2.3641929717220007, -8.97648091618769
22.012583091134257, 1.8921959574791793, -8.992563800872398
21.98715993695867, 6.417708347665027, -9.0063920772756
21.929328836199325, 10.302754174687053, -9.016279922409394
21.576344035031177, 13.163341031042208, -9.025630592745292
20.581674740312465, 15.750036619409016, -9.034979588627186
18.981749263562786, 18.04440196068935, -9.044327992619076
16.84610758313024, 19.89032725538303, -9.05367787567328
14.300210205125174, 21.167805122540358, -9.063111147285646
11.466867786956644, 21.80320586154792, -9.07471186266301
7.858425092379393, 21.84599711797275, -9.087375785542358
3.8999230113387564, 21.82607100934914, -9.099999899999997
6.73683331342545e-13, 21.826795092448183, -9.099999899999997
4.315161883707407e-11, 21.80025157492601, -9.115324806986667
-6.164878342474415, 21.773305352543034, -9.129883243444342
-10.892185211344795, 21.72912573909188, -9.138225077612118
-14.282324970240179, 20.9596211208151, -9.145623711414716
-17.2244676309295, 19.252777573704922, -9.152997091089446
-19.47996589796554, 16.771410220477254, -9.160369847901602
-20.87325138127305, 13.777294313614709, -9.167742357181991
-21.342327281558227, 10.25300473670826, -9.175115269678072
-21.4860905367353, 5.974220613479465, -9.182488825541476
-21.594854343105187, 1.8753459543578017, -9.190062771116741
-21.64169865154059, -2.219706051990061, -9.201964231254049
-21.60771128546438, -5.609244977642657, -9.223993732342088
-21.371741782627304, -8.91479395353753, -9.246835860638743
-20.69820578860969, -12.529943646795186, -9.26287806915738
-19.614949024610677, -15.541311149933264, -9.274143668482118
-17.94239527093014, -17.779867367568066, -9.285370375545956
-15.735835039068569, -19.548880594036554, -9.296596150702788
-13.102307800906392, -20.726043417003538, -9.307824868950398
-9.851811107750503, -21.27131438295956, -9.3199991355424
-6.384686322858261, -21.390519906637294, -9.349999900000064
0.0, -21.39378239055567, -9.349999900000064
4.440892098500626e-16, -21.367238873034616, -9.365324806986084
5.295833389616883, -21.340448366856773, -9.379883243443476
9.778303297700425, -21.3100473385378, -9.388225077611747
12.639675302539134, -20.878700729280293, -9.39562371141455
15.093632162760894, -19.818918816213234, -9.402997091089505
17.15223456117687, -18.229922275532537, -9.4103698479019
18.717736023661594, -16.248426747770676, -9.417742357182526
19.742853246582392, -13.897929393749177, -9.425115269678844
20.456114220427374, -11.133879439603868, -9.432488825542489
20.951061370922496, -8.387042333502839, -9.440062771118141
21.191168901579083, -5.673311066300478, -9.45196423125806
21.175515922093595, -2.6605315876668665, -9.473993732345926
21.080813673171935, 2.3805236120466073, -9.496835860642593
20.890868871588083, 8.011724503343048, -9.512878069159138
20.547829141806172, 12.193898939861723, -9.52414366848355
19.476080471809148, 15.068793815809638, -9.535370375547062
17.64471974542399, 17.566851590125836, -9.546596150703586
15.155601708585042, 19.477606932826763, -9.557824868950883
12.169623282961362, 20.643114065117448, -9.569999135542702
8.869449635174556, 20.95496880392594, -9.599999899999997
6.268319197033634e-13, 20.960769688663756, -9.599999899999997
4.016022875393175e-11, 20.93732707012616, -9.613534502123189
-4.492562272017986, 20.912928465515503, -9.626789280455508
-8.74408561312155, 20.89347061549311, -9.635554231215892
-11.188221790817627, 20.744266213574, -9.642935675000562
-13.279609421136952, 20.197682030649844, -9.650243977383061
-15.225165462750459, 19.276992368020476, -9.657551679592148
-16.96193580160412, 18.00666404413161, -9.664859071395323
-18.4231062972883, 16.427670673302675, -9.67216671313394
-19.557297675976745, 14.599945321630539, -9.679474853327983
-20.332896234206174, 12.594063659957307, -9.68678942367942
-20.731125927890872, 10.433086598190588, -9.694650831674638
-20.76270577616662, 7.2228379940937355, -9.711863917781297
-20.729212687499114, 1.2279732871990638, -9.733464370942333
-20.689489541180205, -5.170728188764803, -9.755415438964732
-20.580056207697783, -10.29526451930158, -9.768444903991343
-19.75808355496575, -13.581650698693114, -9.780996142486043
-18.024799389425706, -16.45626480432849, -9.79354429887325
-15.49897927565635, -18.69924934117704, -9.806095267608693
-12.402427069137492, -20.103363895953912, -9.819153801767975
-8.787093784743139, -20.52034463166322, -9.84999990000009
0.0, -20.527756986771177, -9.84999990000009
4.440892098500626e-16, -20.504314368233196, -9.863534502123505
4.13695455599253, -20.47988586873835, -9.87678928045596
8.106687117933411, -20.460501512733927, -9.885554231216322
10.556000753424001, -20.346685699165555, -9.892935675000928
12.608383773836044, -19.86250598888404, -9.900243977383042
14.523893310906853, -19.019655525318157, -9.907551679591638
16.251301944980995, -17.839791721187392, -9.91485907139428
17.727311238509536, -16.35830388115067, -9.922166713132368
18.900843101344694, -14.627834329812714, -9.929474853325884
19.738643812796496, -12.712664488046169, -9.93678942367676
20.22065794049628, -10.660192828207727, -9.944650831670975
20.326969102032624, -8.103673059679462, -9.961863917770296
20.295487314707927, -2.9364617019595647, -9.983464370928507
20.25755079512662, 3.133521631612034, -10.005415438955014
20.207780378229433, 8.98482773182197, -10.018444903982145
19.59995555272196, 12.495603925022994, -10.030996142477587
17.98903659240803, 15.568618777339928, -10.04354429886689
15.495323966501822, 18.010555790035074, -10.05609526760443
12.35070455691784, 19.573640027702076, -10.069153801765584
8.70473793485213, 20.085720459398672, -10.099999899999997
5.800915303666443e-13, 20.09474428487933, -10.099999899999997
3.712600504879565e-11, 20.06301537545579, -10.11831859439677
-3.890250169797704, 20.03772528379615, -10.131987003758674
-7.643661439596343, 20.018152523018014, -10.140185546543183
-10.104476171637886, 19.907845845436892, -10.14810781351504
-12.152475391388702, 19.434665235988795, -10.15602949914079
-14.06640770858219, 18.600106849257052, -10.16395080732856
-15.796909114583306, 17.423615944010933, -10.17187229266829
-17.278144977245095, 15.938671578374665, -10.179794285262023
-18.455501469393223, 14.196654907931904, -10.187721907194703
-19.291338168256843, 12.258568479086957, -10.196219727084591
-19.74533271821297, 10.096074885065127, -10.215554530510317
-19.847981716320245, 6.914301307064805, -10.238748737185261
-19.819833692315136, 1.3912801625989508, -10.257796281893285
-19.790753905109966, -4.536463278989735, -10.268607933692921
-19.560593041080725, -9.668949394770664, -10.279211934116486
-18.72636795594584, -12.965020041030023, -10.289814332411698
-16.99004051573837, -15.77442543403647, -10.30041720188553
-14.506851443837515, -17.93173717609855, -10.311021792216476
-11.50991097919197, -19.261066557638426, -10.322604917284409
-8.035779821358721, -19.65325812046028, -10.349999900000064
0.0, -19.661731582986768, -10.349999900000064
4.440892098500626e-16, -19.63000267356997, -10.368318594392946
4.443576978323825, -19.60378665575478, -10.381987003755516
8.164517236897915, -19.576728777224318, -10.390185546540014
10.479242241696577, -19.338599325766605, -10.398107813511523
12.511289360349002, -18.720635698577404, -10.4060294991373
14.38832928718174, -17.73439354062745, -10.4139508073256
16.04692351846088, -16.40585291432592, -10.42187229266586
17.42156217756371, -14.778535340633521, -10.429794285260149
18.462415799652813, -12.913617351196091, -10.437721907193374
19.137126807825876, -10.877554775761793, -10.446219727083664
19.403238427582682, -8.570301092528714, -10.46555453050953
19.418746169847786, -3.894326773108024, -10.488748737185679
19.38656019779067, 2.3185323078176148, -10.507796281893894
19.340926412653452, 7.759462107124465, -10.518607933693932
18.827183138333996, 11.219643706906801, -10.529211934117889
17.63327155623719, 13.97809019658635, -10.53981433241263
15.753969546442477, 16.28118933486819, -10.55041720188601
13.336557486707942, 17.98164755894145, -10.561021792216735
10.572811901219312, 18.983429270346782, -10.572604917284567
7.366821708454944, 19.22079578151996, -10.599999899999997
5.332401187274627e-13, 19.228718881094895, -10.599999899999997
3.4114184506002896e-11, 19.194169375982842, -10.61994706607681
-4.937373979125627, 19.16820651349827, -10.632943104038224
-8.586289960094053, 19.13052676302442, -10.641698429991095
-10.764516996470046, 18.77526149688068, -10.650361298515403
-12.772937044763914, 18.027229718624092, -10.659101064722142
-14.6090332333934, 16.90460949862843, -10.667842657514733
-16.195519137983258, 15.439914233994282, -10.676542407090057
-17.46621681758273, 13.687546702639443, -10.685201692316024
-18.375970552061474, 11.71788643043582, -10.693914283526036
-18.89030547989553, 9.581906299263109, -10.707368056510528
-18.997441180912773, 6.915262789114886, -10.72889377558976
-18.964982203932674, 1.4759617822212077, -10.751831866185514
-18.941999435777994, -4.717327328899302, -10.762933275811005
-18.814504228730268, -9.1086664861271, -10.773198939564828
-18.113525167625504, -11.840527237153335, -10.783542429031206
-16.766941804077344, -14.28293929896824, -10.793904513124872
-14.84751907751172, -16.306279335443353, -10.804199705461087
-12.486984874476889, -17.775495953718625, -10.81447578895549
-9.839147315668587, -18.618052040234907, -10.825974920100734
-6.752974283976734, -18.788130355267455, -10.84999990000006
0.0, -18.795706179202327, -10.84999990000006
4.740593657711707e-16, -18.76115667408993, -10.86994706607707
5.022880836304287, -18.734404796625157, -10.882943104038535
8.494204177511353, -18.676470811489413, -10.891698429991628
10.67826809410671, -18.26081808692778, -10.900361298516122
12.70208618193583, -17.43754761261409, -10.909101064723057
14.539501400586198, -16.22095752962821, -10.917842657515841
16.099029447091503, -14.65351490000557, -10.92654240709136
17.310741768281048, -12.803933157119449, -10.935201692317586
18.133905867640706, -10.751857934938927, -10.943914283527493
18.536469821471208, -8.543054590236595, -10.957368056512713
18.567193288036776, -5.296672662073032, -10.978893775590636
18.532345787088754, 0.2932016935977383, -11.001831866185597
18.505067430138205, 6.298590968539735, -11.012933275810996
18.266041592251376, 9.541549270948687, -11.02319893956466
17.42432306172982, 12.088155875027576, -11.033542429030856
15.989271750783391, 14.361535022030411, -11.043904513124321
14.037895957942759, 16.213947115327457, -11.054199705460352
11.709380875057322, 17.526128465997715, -11.06447578895453
9.14108638295824, 18.247487015781942, -11.075974920099808
6.139126859659402, 18.355464929015223, -11.099999899999997
4.866107516932061e-13, 18.36269347731047, -11.099999899999997
3.113189224575094e-11, 18.33384165633181, -11.116657506608636
-5.0353257924268835, 18.30751587473606, -11.129030363368386
-8.307167271770854, 18.232825167036207, -11.139701939005345
-10.506196046019099, 17.771569360776663, -11.150094572502182
-12.558181493387028, 16.88095567623222, -11.160486062065221
-14.412469650268521, 15.569668948983962, -11.17087731095027
-15.961255709836301, 13.885561065135022, -11.18126951689313
-17.12572193663963, 11.90740828003146, -11.191662176428556
-17.858784613119322, 9.718381258639983, -11.20358448481511
-18.130772420551494, 7.283829584191134, -11.22060093745469
-18.120784018041626, 3.5619094605260972, -11.237967661995649
-18.098085472884577, -1.642128760214817, -11.252195133169371
-18.068305142200135, -6.761775206376222, -11.263504796904037
-17.764533436555997, -9.543372967760178, -11.27444951617548
-16.848822476385646, -12.010989055420152, -11.285392828978425
-15.36014937464757, -14.204371915210649, -11.296335855837004
-13.37418509940619, -15.974062397004557, -11.307280103294438
-11.021646794700787, -17.208363174140036, -11.318226932468013
-8.43256504881364, -17.848984760137256, -11.332015270339742
-5.246608385289308, -17.923541383982496, -11.349999900000082
0.0, -17.929680775417836, -11.349999900000082
4.4039047817252005e-16, -17.900828954446112, -11.36665750660472
4.503174258276983, -17.87477666676942, -11.379030363362897
7.612552501112239, -17.821488889456255, -11.389701938999874
9.9911831588811, -17.380122174517965, -11.400094572495536
12.187008578447152, -16.441543488389094, -11.410486062057387
14.143100178133212, -15.029440587643688, -11.420877310941238
15.743381242050544, -13.201644937151302, -11.431269516882887
16.900624445028708, -11.050858632563495, -11.441662176417081
17.559536436315383, -8.679751660664579, -11.45358448479598
17.708254347324903, -5.9021423257975645, -11.470600937432541
17.689548040946562, -1.839263392928189, -11.487967661971684
17.663814236047976, 2.7167778321769562, -11.502195133159228
17.63315990438842, 6.627961306476095, -11.513504796890816
17.287292022189302, 9.355411018686265, -11.524449516164234
16.319824322455407, 11.81816358741092, -11.535392828969124
14.781259528546544, 13.98179610475446, -11.546335855829641
12.752578135016611, 15.705139724931977, -11.557280103288967
10.360363784360608, 16.88492586233093, -11.56822693246432
7.741406384770881, 17.457964343936045, -11.58201527033675
4.354089911844779, 17.49161783894842, -11.599999899999997
4.397593400540245e-13, 17.49666807352605, -11.599999899999997
2.8104286385523565e-11, 17.460441929401142, -11.620915074062214
-4.0899554545535235, 17.42576705945615, -11.638222656228386
-7.211149013037767, 17.340848026131333, -11.654160161957162
-9.9213468823792, 16.73453308176533, -11.67009398234493
-12.37120113957525, 15.425150813467607, -11.686031235652136
-14.40145767481241, 13.47813569403311, -11.700604236176993
-15.825941715441553, 11.124663803739905, -11.712375733375563
-16.725388105686793, 8.595993134168095, -11.725053908242227
-17.17495039443369, 5.8197079171694215, -11.738878465489737
-17.22666657736938, 2.6331312395434465, -11.7523393919256
-17.206663960151143, -1.327414277372668, -11.763150977363823
-17.05578913058769, -5.075526446526682, -11.77378434019129
-16.690164661047003, -8.200900817233851, -11.784416651336688
-15.898212092596637, -10.731014183802714, -11.79504861974431
-14.524372802750626, -12.933883853549407, -11.805681367259494
-12.653771880851126, -14.733625425221184, -11.816314836471179
-10.411207446346298, -16.021113501322155, -11.825623967320047
-8.082517185192028, -16.738434315503063, -11.83313000370802
-5.838400803127641, -17.041025838401794, -11.841564963261348
-3.1409672228472294, -17.060361825134677, -11.849999900000057
0.0, -17.06365537163343, -11.849999900000057
4.1865568501490126e-16, -17.027429227513682, -11.870915074059294
4.463674624571922, -16.99068018458349, -11.888222656223984
8.055406331724598, -16.71941389468816, -11.904160161950667
11.141061121919922, -15.54834314538888, -11.920093982336379
13.724086603787955, -13.439554786641665, -11.936031235641721
15.523074647532411, -10.585028585957495, -11.950604236169408
16.3367469187494, -7.530938709662799, -11.962375733364162
16.660075039776203, -4.772906940858112, -11.975053908229034
16.79813224161929, -1.7662418630402577, -11.98887846547368
16.795238447282674, 1.5579282405993764, -12.002339391912015
16.762850228019033, 4.996881441743107, -12.013150977352419
16.425511304395087, 7.8639311448026215, -12.023784340181043
15.61590824456111, 10.39597865448145, -12.034416651327646
14.302640430889257, 12.566972850667945, -12.045048619736484
12.508217125304046, 14.350579087310308, -12.055681367252873
10.338599618140043, 15.65774860831709, -12.066314836465768
7.934575609272823, 16.422142375298773, -12.0756239673175
5.7299650395108985, 16.625423068987104, -12.083130003705794
3.9204034065125963, 16.63864037868967, -12.091564963260213
1.9278445348005067, 16.629105811319832, -12.099999899999997
3.9296343956607416e-13, 16.63064266974162, -12.099999899999997
2.5176079852577522e-11, 16.61572561535823, -12.108612265363762
-4.679417278887192, 16.592504658847794, -12.117224655875841
-8.459501372470704, 16.208203985231204, -12.125672067615982
-11.584995224156254, 14.764650123969421, -12.133394997979684
-14.000769667820473, 12.417752491215447, -12.141056577704486
-15.469409683334574, 9.465837098731527, -12.148718100990687
-15.901761489247775, 6.5542653117915535, -12.156379291361647
-15.989437832568585, 4.22901716629886, -12.164040420016986
-16.091055554454783, 1.7517019489454297, -12.171701744428715
-16.193927373194217, -0.9194981066985017, -12.179363084955844
-16.279774596706037, -3.489874334404046, -12.187024637194437
-16.05814934525094, -5.516401195328136, -12.194686083632321
-15.399888315393248, -7.376923829131734, -12.202526732529613
-14.384211898037018, -8.681706645569772, -12.220162916291075
-13.168601552279107, -10.184056519715174, -12.240848942598529
-11.871005545460953, -11.788492846675299, -12.260886045901529
-10.481175911759212, -13.299078094052293, -12.279855015031606
-8.817454291081084, -14.533822669973059, -12.29881912249953
-6.857531592627785, -15.549665661760773, -12.317789259765279
-4.428314231956966, -16.113761700297886, -12.34999990000005
0.0, -16.197629967849, -12.34999990000005
3.5795398910636313e-16, -16.182712913466673, -12.358612265363195
3.215852120589773, -16.162752137472953, -12.367224655874704
5.954244573526912, -15.97055440875717, -12.37567206761443
8.337504091691365, -15.288060296092223, -12.383394997977637
10.282493721735934, -14.125756137186912, -12.391056577702319
11.754556713504028, -12.594437558052853, -12.398718100988454
12.726035508168659, -10.995871835415947, -12.406379291359407
13.49884756157283, -9.564808527229221, -12.414040420014837
14.209700908553906, -7.982950098298529, -12.42170174442667
14.830646927704299, -6.248920518722499, -12.429363084953831
15.334937921926077, -4.501428718826093, -12.437024637192307
15.59553156369703, -2.9262488605656283, -12.444686083630057
15.560316988912847, -1.3888209088796302, -12.452526732526755
15.283586565256254, -0.24121210464147813, -12.47016291628766
14.975139700719593, 2.3429205341244206, -12.490848942596742
14.73693414637725, 5.582594363605329, -12.510886045901348
14.356630256249144, 8.90364278444588, -12.529855015031218
12.89935147179685, 11.913383835087537, -12.54881912249914
10.30333920321908, 14.315217919995588, -12.567789259765002
6.928783929406979, 15.59841758926814, -12.599999899999997
3.461675390781238e-13, 15.764617265957186, -12.599999899999997
2.217212059177997e-11, 15.749651042506862, -12.608640653137794
-1.849344087694834, 15.732656668366836, -12.617281429985233
-3.695024373521937, 15.71276668522604, -12.625651001048544
-5.500535975200963, 15.682180535969048, -12.63347344179128
-7.138748916435724, 15.476374291151568, -12.641274510239803
-8.712459701058338, 15.019745635102048, -12.649075531407323
-10.197724692643268, 14.32700182315753, -12.656876273117986
-11.557890387127005, 13.4121033864444, -12.664676902952829
-12.75883948126149, 12.295630172138688, -12.672477785526628
-13.770232133485235, 11.004173275956495, -12.68027865205738
-14.569243045566799, 9.57101251879005, -12.688079678758758
-15.140545352993886, 8.032442108050336, -12.695880622162889
-15.472501872075282, 6.424976693408768, -12.70372719533728
-15.540669125205042, 4.743641785796624, -12.720842591100542
-15.518772080574763, 1.0228283451873998, -12.741516541111906
-15.478222839093213, -3.3462544351363848, -12.761379775236037
-15.096755822475558, -7.530542378629092, -12.7805376123764
-13.346502707154329, -11.124744752519831, -12.799692063169891
-10.3750949960322, -13.798940855754452, -12.818851481113779
-6.605970689609901, -15.156590461992796, -12.849999900000077
0.0, -15.331604564064508, -12.849999900000077
3.062706480802476e-16, -15.316638340614922, -12.858640653137444
1.7946457256548025, -15.299354801836362, -12.867281429984441
3.585624664372265, -15.278652124343676, -12.875651001047304
5.326681325163454, -15.238751244872013, -12.883473441789413
6.920036438730495, -15.010678374141467, -12.891274510237295
8.45180152579266, -14.542863148959258, -12.899075531404176
9.895460224226133, -13.84870020772501, -12.906876273114175
11.21634051492418, -12.941808380878838, -12.914676902948372
12.382541340112226, -11.842388018786886, -12.922477785521558
13.365668477607706, -10.575878960230785, -12.930278652051715
14.144188460918286, -9.173773048037088, -12.938079678752581
14.703589742610651, -7.670410124088244, -12.945880622156205
15.03276512195746, -6.100344733598723, -12.953727195329172
15.106207980541395, -4.471242724052743, -12.970842591084732
15.085768068275982, -0.9208595635667297, -12.991516541096077
15.044018947015502, 3.3087438675386776, -13.011379775224508
14.615903892217354, 7.3369108255288085, -13.030537612367544
12.860119762627827, 10.809040455709331, -13.049692063163915
9.949908573580979, 13.390870173123744, -13.068851481110789
6.283157450446229, 14.714763334603939, -13.099999899999997
2.994271497414047e-13, 14.898591862172752, -13.099999899999997
1.9171028760877255e-11, 14.883900047624234, -13.10848222308447
-1.7388020421724752, 14.866597603068834, -13.116964542612099
-3.472714507277381, 14.844987872781523, -13.125369869653612
-5.1494797182492436, 14.794414269251483, -13.13359400838618
-6.701221760219716, 14.543008875199666, -13.141818816979868
-8.195127958387902, 14.06123371265179, -13.150043588700415
-9.601890586390425, 13.360735324296899, -13.158268226644873
-10.888116824334247, 12.454373859829733, -13.166492594051046
-12.023240903814802, 11.361707809134204, -13.174717252505344
-12.979970783283061, 10.107119828590001, -13.182941967207215
-13.737109658469375, 8.720552238068231, -13.19116673679512
-14.280149002231536, 7.234929450869131, -13.199391303471058
-14.596610699748243, 5.682317688310189, -13.208225741160728
-14.66527943524623, 4.044790360758025, -13.225620696961737
-14.64651618264173, 0.5973209153280585, -13.24523940336025
-14.601382059203047, -3.455384248884599, -13.264338678455275
-14.069631109583188, -7.297138656179925, -13.283355467198032
-12.267439250827575, -10.609820327625577, -13.302370665686334
-9.398062083710409, -13.0497130552879, -13.321389382009446
-5.836317885455589, -14.294679650259162, -13.349999900000022
0.0, -14.465579160280159, -13.349999900000022
2.4697499942316936e-16, -14.450887345730202, -13.358482223085321
1.666203885306052, -14.433228482013465, -13.366964542613594
3.3275099556385266, -14.410500197504504, -13.37536986965532
4.951341694647166, -14.345821621480418, -13.383594008387984
6.484745024271593, -14.07157598471727, -13.391818816981605
7.959417660510449, -13.569862128848392, -13.40004358870208
9.34415194645037, -12.852399497298897, -13.4082682266465
10.605997454921976, -11.932479678133841, -13.416492594052595
11.715094712454457, -10.830244294860773, -13.424717252506813
12.645262761593717, -9.570611174327373, -13.43294196720861
13.375741758169488, -8.183250507883457, -13.441166736796495
13.892621502384205, -6.700939003800311, -13.449391303472414
14.18342729222744, -5.155438289858161, -13.458225741163243
14.234472551640103, -3.476168267441679, -13.475620696964977
14.213856745773274, -0.11657880637047953, -13.495239403363838
14.162167288753889, 3.6986882699179366, -13.514338678458444
13.506969599010644, 7.316265687699106, -13.53335546720069
11.656178758415868, 10.442194178666476, -13.552370665688565
8.83472124052271, 12.721881207217344, -13.571389382010867
5.389478320778972, 13.87459596585418, -13.599999899999997
2.527422715559169e-13, 14.03256645838833, -13.599999899999997
1.6110572770270684e-11, 14.000675666787675, -13.617457021209715
-1.6815622004828061, 13.975854027030241, -13.628658110187944
-3.3400217168190096, 13.930207032626678, -13.639838639009083
-4.991752285776039, 13.790163974529579, -13.651019041049317
-6.587397906518984, 13.395389458821947, -13.6621994220837
-8.11160986034863, 12.735176736160426, -13.67337976018743
-9.517466548813339, 11.820570683640195, -13.684560100767795
-10.758402574070962, 10.669507611049044, -13.695740633661522
-11.792152066017316, 9.311073725101398, -13.706903310734933
-12.586056688039545, 7.733393250196813, -13.722156410753836
-13.13839872638425, 5.776689634742249, -13.740590832662193
-13.489905924971133, 3.6043019444810724, -13.75247174447497
-13.61529217126894, 1.6922625656836248, -13.764060364868989
-13.440125897986539, -0.2928749111362001, -13.775648902702565
-13.059803564790972, -3.2453235617209173, -13.787237353784795
-12.48111409533536, -6.29329029741959, -13.798825771154089
-11.355842085894455, -9.030957199013942, -13.810414256832292
-9.442417820249489, -11.264533907722196, -13.822002885191157
-6.952606947441133, -12.791845601983965, -13.833511281234689
-4.133801020929612, -13.487975410823935, -13.849999900000029
0.0, -13.575864703019121, -13.849999900000029
1.3683974828695706e-16, -13.54397391141659, -13.867457021210772
2.405875272496691, -13.50990428160163, -13.87865811018941
4.23727007555844, -13.366074931576335, -13.88983863901025
6.030203392617052, -12.97015174038094, -13.901019041050127
7.724538186132644, -12.255457520414009, -13.912199422083848
9.272416264844352, -11.230424634914046, -13.923379760186828
10.614262801168747, -9.922595948307354, -13.934560100766245
11.697106945311893, -8.371931510941625, -13.945740633658968
12.477602774143548, -6.629809314754045, -13.956903310731903
12.92262582804062, -4.707140683311433, -13.972156410749356
13.124610132379921, -2.104341248119553, -13.990590832658041
13.21238634979269, 0.9456247339010131, -14.002471744472105
13.106607460062547, 3.129716014042771, -14.01406036486592
12.61459746168876, 5.254679523476634, -14.025648902699313
11.760983949399108, 7.465167368757925, -14.037237353781329
10.556617940481289, 9.450871267745793, -14.04882577115059
8.978230460373636, 11.062178709262689, -14.060414256829633
7.080619104606505, 12.226542761956663, -14.072002885189466
5.006615717555328, 12.906917242477785, -14.083511281233854
2.878123720950277, 13.1013548558368, -14.099999899999997
2.0389245847241e-13, 13.119162947650748, -14.099999899999997
