-2.326167738563805e-16, -0.17168266356788092, 0.9844540737715469
0.027413095450972327, -0.17720620629844705, 0.9823602113957312
0.057659601182993576, -0.17863291953558857, 0.9800560259695541
0.08831599055703485, -0.17246027434504843, 0.9782220138942702
0.11650070664365486, -0.1589435766390342, 0.9770367282930044
0.14204686840549202, -0.142047030681329, 0.9757688677259999
0.168240185552073, -0.12340123198813079, 0.973565083807646
0.19330648381988175, -0.09907642812283245, 0.9711105790740354
0.21250961073357214, -0.06847040200660721, 0.969276559790743
0.22378394224140974, -0.03430477835594817, 0.9682415837391241
0.23008682501919925, -2.4880914373560267e-07, 0.9670836487394687
0.23523708482993, 0.03599877807780644, 0.9647699429525927
0.2348589892630002, 0.07560187776788373, 0.9621651184983635
0.22490546901625358, 0.11538629896357039, 0.9603310942034995
0.20604895385515298, 0.15146339969394762, 0.9594464308144528
0.18334516977376616, 0.18334480589591984, 0.9583984175919799
0.15836417983974097, 0.2153453946929047, 0.9559747844268577
0.1261469727160616, 0.24575162735639394, 0.9532196416718355
0.08641286834593763, 0.2687357294557809, 0.9513856197218938
0.04289059430278234, 0.28181493686384285, 0.9506512736847645
7.552771876260554e-18, 0.28295143311412296, 0.9513607843247895
0.0, 0.2884911185487168, 0.9497131844252074
-0.04458494376518426, 0.2932680232362254, 0.9471796318927779
-0.09354454733153225, 0.29108501436894907, 0.9442741861696643
-0.14245685384024015, 0.2773505595252562, 0.9424401694744537
-0.18642618704825598, 0.2531542465477453, 0.9418561379152495
-0.22464270647061094, 0.22464329384991413, 0.9410279783795642
-0.2624504304034835, 0.19332721935354197, 0.938384512025596
-0.2981964919135684, 0.15321779481566647, 0.9353287425880132
-0.32496156007466054, 0.10435585217259409, 0.933494712424285
-0.3398457148031273, 0.05147714419939739, 0.933060989164169
-0.3468952799999696, 6.415934679518081e-07, 0.9323427593929702
-0.3512989327087853, -0.05317028268868094, 0.929589372882317
-0.34731115744403546, -0.11148656995788417, 0.9263832822664586
-0.3297958364141603, -0.16952701436976544, 0.9245492472560854
-0.300259671906175, -0.22138882287817602, 0.9242658382558712
-0.2659414260770879, -0.2659406508262649, 0.9236575282455588
-0.2282900936795822, -0.3095557014373095, 0.9207942098548019
-0.18028817187339366, -0.35064172861271614, 0.9174378023281993
-0.12229804741032385, -0.3811877561417015, 0.9156037765592208
-0.06006261042921207, -0.39787674116218164, 0.9154706885917162
-0.0, -0.39975988809496343, 0.9166198949784486
-5.24912295216423e-16, -0.40284072642775287, 0.9149939179557853
0.06097281598610733, -0.40425838357109367, 0.9120458492273159
0.12698148249788938, -0.39595683276251076, 0.9086015895901008
0.19174375106548647, -0.3727562468892451, 0.9067995051211152
0.24870017259899535, -0.33691429999522, 0.9067683488185726
0.29646581771363634, -0.2964668430929973, 0.9063247632501775
0.34206962731713875, -0.25257002998997724, 0.903343538150571
0.384252044797274, -0.1977198859084817, 0.8998535120373361
0.41472090075335977, -0.13291303991571263, 0.8980514056144722
0.4303072261109868, -0.06469096642512628, 0.8980659908161515
0.43569272285093213, -1.0589364945910439e-06, 0.8976555880712307
0.43668908242800786, 0.06559919491660207, 0.8946411938638442
0.4270756601885565, 0.13681532698745352, 0.8911054069373733
0.40171487067965284, 0.20679323634074592, 0.8893032942449035
0.3631185343585439, 0.2683597403023578, 0.889363630640986
0.3196968664130514, 0.3196956402442581, 0.8889863934504831
0.2722298664199554, 0.36827369282890526, 0.8859388116797478
0.2127696181209371, 0.41321060800180137, 0.8823572711461305
0.14274707913417511, 0.4458397598386192, 0.8805551736163499
0.06931748338078367, 0.462738019901591, 0.8806612730629121
0.0, 0.46546399996017807, 0.8819431723960555
0.0, 0.46854483829296734, 0.8803171953733923
-0.07022749712046114, 0.46911968617281136, 0.8772364388669945
-0.14665064546357462, 0.45819411785424313, 0.8736091725782971
-0.22184360876343312, 0.4306730376285892, 0.8718070831305342
-0.2880196561987334, 0.3893224788935648, 0.8719589262017795
-0.3429254061085045, 0.34292690080120575, 0.8716480406675762
-0.39447733823101755, 0.2918901106963912, 0.8685341359234795
-0.4421685106969785, 0.2278203551289536, 0.8648610986769993
-0.47695799993143084, 0.15258280968976135, 0.8630589806310509
-0.4951684571450398, 0.07394624153274046, 0.8632565639235567
-0.5013968347156449, 1.4970139295535913e-06, 0.8629788654884897
-0.5015504347040616, -0.07485347603770096, 0.8598317934248614
-0.48931303866904957, -0.1564841845945197, 0.8561129938721226
-0.4596317588864771, -0.23689291053137426, 0.854310869640882
-0.41552677052724024, -0.30767915047199135, 0.8545542056919408
-0.3661569201022825, -0.3661552326581004, 0.8543096708678979
-0.3115498631578538, -0.42068146896428865, 0.851129406809375
-0.2428698911181521, -0.47112717800017034, 0.8473648550034018
-0.16241653379018636, -0.5080769556556236, 0.845562752764014
-0.07857235633254217, -0.5275992986409856, 0.8458518575341029
-0.0, -0.5311681118253925, 0.8472664498136624
-6.815569661506183e-16, -0.5334338921953682, 0.8456497744226491
0.07923402827907279, -0.5322897017264108, 0.8424559184044831
0.16551262913448583, -0.5178968629751806, 0.8387006550050914
0.25030885565632344, -0.4854274968982577, 0.8369243977661253
0.324757779329992, -0.4382613612924847, 0.8372091616521772
0.38578848867124005, -0.38579043154869047, 0.8369771080712937
0.4420443872333461, -0.3276083592509621, 0.8338132758645737
0.4938147098144185, -0.2546796160356628, 0.8300998072642837
0.5316120657646636, -0.1698375895913871, 0.8283235174404736
0.5514727619010306, -0.08194577346898847, 0.8285664514288928
0.5577435165371909, -1.8992270482156646e-06, 0.8283044165211891
0.5561635812656193, 0.08260393769123715, 0.8251705822533952
0.5406336973671728, 0.17267648071446082, 0.8214989209696978
0.5065716406847819, 0.2613184692139876, 0.8197226269342885
0.45752710155495685, 0.3392544780836854, 0.8199237453436963
0.4029800563417504, 0.40297796189553475, 0.8196317009410652
0.342105275740458, 0.46131001154877016, 0.8165278376001961
0.2656894223131019, 0.514958820702583, 0.8128979953745674
0.17700159151080222, 0.5543489332464234, 0.8111217264194335
0.08531579801579367, 0.5753467208230454, 0.8112810450391201
0.0, 0.5797874693953025, 0.8125756563229452
4.76218114631085e-18, 0.582053249765267, 0.8109589809319399
-0.08597730336026928, 0.580037151374107, 0.8078851063692896
-0.17984297507532468, 0.56336979182417, 0.8042971170088935
-0.2723296744143441, 0.5277149565047494, 0.802520859525411
-0.35375180875554946, 0.47679233737689486, 0.8026383489203514
-0.420167366836068, 0.4201697082522241, 0.802286314580512
-0.4805749807203677, 0.3566029222700277, 0.7992424641618648
-0.5361018938832535, 0.27670097855492615, 0.7956962693980325
-0.5770848204678898, 0.18416846718411167, 0.7939199790672045
-0.5992201270917726, 0.0886895601716563, 0.7939956384552227
-0.6063628741060042, 2.271925172288092e-06, 0.7936136230303755
-0.6039110874187992, -0.0893468677147852, 0.7905997706699402
-0.5861067132724995, -0.18700656053891662, 0.7870953831318195
-0.5488591829661529, -0.2833391248042185, 0.7853190885587207
-0.49605812556364115, -0.3682484409638378, 0.7853529324347599
-0.4373593304327179, -0.43735684267293923, 0.7849409074502951
-0.37109976490436947, -0.49984065786709914, 0.7819570258292928
-0.28771061299057965, -0.5572460916734957, 0.7784944574346344
-0.1913321969461275, -0.5998217772574295, 0.7767181881718318
-0.09205923969975366, -0.6230941430050058, 0.7767102325441327
-0.0, -0.6284068269652118, 0.7778848628322281
-7.96004566117498e-16, -0.6302055352489673, 0.776270198708227
0.09258621234045887, -0.6268096059328243, 0.7733328470610993
0.19371597145114164, -0.6073827495785987, 0.769961520107384
0.2934009936989567, -0.5681866536548023, 0.7682071465441503
0.3812368868138153, -0.5133319897422486, 0.7681090474315964
0.4524623962318276, -0.45246510877446133, 0.7675852900787805
0.5163298433713525, -0.38349408648606853, 0.7647317099072268
0.574796490592989, -0.2968436571706272, 0.7614762293868789
0.6181934532168432, -0.19713217611909248, 0.759721826961689
0.6420173525370323, -0.09475115072356866, 0.759507848321374
0.6495552464495191, -2.5966937908642584e-06, 0.7589003534833425
0.645733452864617, 0.09527334504078311, 0.7561305182084893
0.6253021511745375, 0.1993701577490231, 0.7529908980808905
0.5848572221879395, 0.3020709338443494, 0.7512364942714188
0.5286151584846885, 0.3927155543071195, 0.7509066490511497
0.46614751099586843, 0.46614470402115094, 0.7502153902675205
0.39497290048867867, 0.531612954270228, 0.7475292772307884
0.3055137167874058, 0.5914670595851044, 0.7445055281480714
0.2027864548037076, 0.6361128933499991, 0.7427511457215143
0.09743836874215092, 0.6609412681471444, 0.7423054459630787
0.0, 0.6671063453915158, 0.7431450861917317
4.3386489467526894e-18, 0.6689050536752693, 0.7415304220677321
-0.09796521509691963, 0.6646567573007987, 0.7389280552116907
-0.20502796446053662, 0.6432204785319109, 0.7360202091361958
-0.31074306210863173, 0.6015266614986293, 0.7342658400845895
-0.4041950968594398, 0.5438976527100445, 0.7337042673237566
-0.47982693501002827, 0.4798299538110342, 0.7328455134384275
-0.5468952279201311, 0.40645271960709506, 0.7303269089260263
-0.6081362936368891, 0.31418615026050545, 0.7275349132487681
-0.6540310406482494, 0.2084445770853327, 0.7257805238324532
-0.6798644232658727, 0.10013054311011158, 0.7251030729040604
-0.6882547648745087, 2.8817762696113827e-06, 0.7241605768431587
-0.6835806582127969, -0.10065208442605184, 0.7217257152794342
-0.661139951491305, -0.21068194971148732, 0.7190495816259677
-0.6181972898115852, -0.3194128780253114, 0.7172951907056395
-0.5591808550991727, -0.4156737132712562, 0.7165018714678721
-0.49351235307571684, -0.4935092457560772, 0.7154756136271856
-0.41793147432460537, -0.5621783778198325, 0.7131244792101991
-0.322856076070008, -0.6248069269953325, 0.710564215143426
-0.21409864808023402, -0.6719505535532121, 0.7088098379522396
-0.10281749778456165, -0.6987883932892829, 0.7079006593820238
-0.0, -0.7058058638178183, 0.7084053095512367
-8.880855592646368e-16, -0.7072822096954854, 0.7067888353619631
0.10325747139165507, -0.7018283452749723, 0.7045374135416077
0.21602995453425658, -0.6780507641055997, 0.7021388666152656
0.327424178551225, -0.6336181025446438, 0.7004047283685755
0.4260926748350007, -0.5730901107413642, 0.6993361288117709
0.5057370490155104, -0.5057403387273043, 0.6980948655516692
0.5755484093893893, -0.4279343172964662, 0.6959728942706158
0.6390109593215255, -0.33022358869189095, 0.6937519233376669
0.6868599343541857, -0.2188310858133522, 0.6920177768751828
0.7142695269083351, -0.10506786800225289, 0.6907715822438922
0.7231628563091295, -3.1064484237643905e-06, 0.6894008670281633
0.7173103145245144, 0.10550215191971958, 0.6874083339703371
0.6926533362582618, 0.2206631304698311, 0.6853649489746136
0.6472215842565774, 0.33447022907979757, 0.6836308035279678
0.5856269156609898, 0.43544998213553276, 0.6822070188735812
0.5169697004652081, 0.516966385523238, 0.6807068411518025
0.4372916779815619, 0.5880852230115937, 0.6788437417190831
0.3372696639424081, 0.6526144822226831, 0.6769779458752786
0.22346428016576864, 0.7014625542666374, 0.6752438031749113
0.10731259605872742, 0.729751555577418, 0.6736424305907274
0.0, 0.7375672379446776, 0.6736292843199014
0.0, 0.7390435838223438, 0.6720128101306289
-0.10775249407216402, 0.7327915280594528, 0.6702791746906411
-0.22530062104350077, 0.7072545754166015, 0.6685909892456139
-0.34151889434148275, 0.6608237314842027, 0.6668568614228536
-0.44480834107063305, 0.5981629339512453, 0.6650779121605264
-0.5281956385216986, 0.5281991152700323, 0.6633188403207372
-0.6006210801569355, 0.44665024818613436, 0.6617146383036904
-0.6662164754921087, 0.3443185577654903, 0.6602040383630627
-0.7160636542576383, 0.228101989661819, 0.6584699160914121
-0.7452326469464313, 0.10956312331757338, 0.6565133743873091
-0.7549242304348458, 3.2809875546823396e-06, 0.6546248417975749
-0.7482735391118028, -0.10999701798763992, 0.6531500743474433
-0.7218571927647023, -0.22993367853545843, 0.6518170634106811
-0.6744272467546523, -0.3485648694575653, 0.6500829419403469
-0.6106997576872442, -0.45416561590832977, 0.6479488069651348
-0.5394284754542912, -0.5394249765830681, 0.6459308159208818
-0.4560075719343, -0.6131579150335836, 0.6445854912865626
-0.35136455264091565, -0.6798200340827273, 0.6434300666883941
-0.23273506216372725, -0.7306663210659944, 0.6416959338175212
-0.11180769433293268, -0.7607147178655318, 0.6393842017994485
-0.0, -0.769328612071535, 0.6388532590885684
-9.660948942057032e-16, -0.7705582114205554, 0.6372336136154343
0.11218580678290094, -0.7632369858709158, 0.6360350593395361
0.2343395009146434, -0.7356916341804058, 0.6351010930275053
0.35510633377763573, -0.6870824356608712, 0.6333873728489113
0.4627002359887965, -0.6221887605616596, 0.6308615754495379
0.549530228484587, -0.5495338552069056, 0.6285433533866267
0.624237068077223, -0.46421990507750865, 0.6275123829472651
0.691555823443298, -0.35741363643787494, 0.6268058866730344
0.7429792706123544, -0.23668115845796772, 0.6250921880877791
0.7735501012390882, -0.1137426655799931, 0.6223389283317766
0.7837531427079532, -3.3913820487909377e-06, 0.6198530654256107
0.7760733458950861, 0.11411461218445548, 0.6189896935652364
0.7477745804215024, 0.238210901901179, 0.6185106648031282
0.6983657107077252, 0.3609091599205034, 0.6167969683236223
0.632631587566262, 0.4704099444728166, 0.613816238323349
0.5588640882542285, 0.5588605043451201, 0.611162751066936
0.47192957164346183, 0.6346799653560502, 0.6104670013208415
0.3632163937410533, 0.702839177055691, 0.6102154308340717
0.24055250517868976, 0.7550622770411575, 0.6085017072341823
0.11567147715307219, 0.7863865131517961, 0.6052934950314123
0.0, 0.7957185395552738, 0.6040920772292661
0.0, 0.796948138904292, 0.602472431756135
-0.11604956873066063, 0.7889087926640728, 0.601944340023424
-0.24208697209576213, 0.759856043323564, 0.6019202318061675
-0.3667148229234838, 0.7096475532612041, 0.6002065243523654
-0.47812080102601384, 0.6430735769632925, 0.5967708837551896
-0.5681906941588564, 0.5681943828897504, 0.5937821715278069
-0.645121856950431, 0.47964056065533767, 0.593421642431756
-0.7141209217275544, 0.36902219431212346, 0.5936250161358824
-0.7671436476722184, 0.2444286861437533, 0.5919113471280272
-0.7992218728460188, 0.11760649270099231, 0.5882482475272968
-0.8101430701911424, 3.4485342048739212e-06, 0.5850918835671737
-0.8017451758973101, -0.11797833067509701, 0.5848989485270142
-0.7719390054541875, -0.24595834425478735, 0.5853297935487792
-0.7209308338614654, -0.3725176289644848, 0.5836161263761035
-0.6535164067151373, -0.48583049942115536, 0.5797255524909586
-0.5775246148134315, -0.577520971143041, 0.5764015692081064
-0.4873502140093066, -0.6555647584766703, 0.5763762676775743
-0.3748249282719115, -0.725404282167193, 0.5770345673878114
-0.24830000166210167, -0.7792266712706127, 0.5753208557742097
-0.11953525997336259, -0.8120583084380366, 0.571202788263376
-0.0, -0.822108467039011, 0.5693308953699664
-1.0343927999430442e-15, -0.823136118683076, 0.5677085598285412
0.11986648614580989, -0.8141576170771422, 0.5678710021563601
0.24964979806094142, -0.7833995977895887, 0.5687998470824899
0.3779095025375085, -0.7314484370601054, 0.5671081337965828
0.49286062476799, -0.6631075412958872, 0.5627349457792815
0.5859250046944663, -0.5859287188410656, 0.5590422316884867
0.6648236096003859, -0.4941144539206692, 0.5594030376256975
0.7351819478298022, -0.379816077333627, 0.5605976531908313
0.7894563045690945, -0.2516255054543126, 0.5589059953508865
0.8227276448302272, -0.12122972275448787, 0.5542670759580651
0.8341153262593632, -3.442388764834433e-06, 0.55037587828983
0.8248279924579096, 0.12155475438215307, 0.5509350963020531
0.7934450794620134, 0.2529154676303212, 0.5523954637409011
0.740862648204798, 0.38269997928235366, 0.5507038074652539
0.6718486485019705, 0.49920883951130823, 0.545799133685357
0.5936921588857007, 0.5936885530360025, 0.5417095009020263
0.5004625341765854, 0.6735648426595526, 0.5424671862622094
0.3846063975565852, 0.7445962706882704, 0.5441932816388305
0.2548910529511759, 0.7995018586607765, 0.5425015641801696
0.12291795607541335, 0.8333980662012017, 0.5373311090762112
0.0, 0.844066931418219, 0.5346654546019379
0.0, 0.8450945830622836, 0.5330431190605137
-0.12324921449246214, 0.8354973757223958, 0.5339993108840243
-0.2561858070571507, 0.8034890455848542, 0.5359911193763309
-0.3874932958024011, 0.7502754383792489, 0.5342994180261214
-0.5055582092584721, 0.6805889296835775, 0.5288632811598187
-0.6014520144228316, 0.6014556672468166, 0.5243767909208289
-0.6823050866396279, 0.5068119546969447, 0.5255313260174479
-0.754009016935625, 0.3893997599081904, 0.5277889167206682
-0.8095457803412689, 0.25816139767111757, 0.5260972866661954
-0.8440674008064375, 0.12461235369655721, 0.520395421730389
-0.8560737906387467, 3.3837590056347745e-06, 0.5157104375224727
-0.8461677523778739, -0.12493754920778051, 0.5170633804018827
-0.8135345133260922, -0.25945153400722754, 0.5195867266163058
-0.7596896288933703, -0.3922838063751683, 0.517895097827103
-0.6893300246910912, -0.5119064362783119, 0.5119274745998269
-0.6092191065906103, -0.6092155634652159, 0.5070440601343466
-0.5131600454814197, -0.6910463081350403, 0.5085954813197132
-0.39419011242381224, -0.7634233196320369, 0.5113845518995803
-0.26142700115896617, -0.8195913213767203, 0.5096928455492491
-0.12630065217618647, -0.8547378239645852, 0.5034594298889986
-0.0, -0.8660253957974255, 0.5000000138339121
-1.0944423285447738e-15, -0.8660253959852313, 0.5000000135086233
0.1263293367436905, -0.8547332371149944, 0.5034600024425414
0.2617545763047914, -0.8205244539281422, 0.508157608043317
0.39509975666004504, -0.7652920142097854, 0.5081577563152426
0.5150186924145636, -0.6937453619942965, 0.503461098011483
0.61237066196275, -0.6123741998041123, 0.5000000117815615
0.693759993989367, -0.5149985747637446, 0.5034615013903467
0.7653046330601014, -0.39507498855137524, 0.5081580014228525
0.8205075366746593, -0.2618063739676652, 0.5081582289847855
0.8547127868287218, -0.12645649219197908, 0.503462745115226
0.8660253979738259, -3.2330822763428867e-06, 0.5000000100537825
0.8547091873640759, 0.12647944332667402, 0.5034630818284589
0.8204995044100738, 0.26183113025113125, 0.508158438245676
0.765330115957745, 0.3950247627972405, 0.508158661734733
0.6938364866668185, 0.5148927265953376, 0.503464318473101
0.6123741025438886, 0.6123707620475464, 0.5000000083228469
0.5148723482845313, 0.6938513041578276, 0.5034647343780995
0.3949997247938301, 0.7653428703610259, 0.5081589131772215
0.26188271903342186, 0.8204826549851756, 0.5081590568398452
0.12660650786529995, 0.8546887511484224, 0.503465822901406
0.0, 0.8660253997909306, 0.5000000069169585
0.0, 0.8660253999787364, 0.5000000065916695
-0.12663529330140416, 0.8546841480047246, 0.5034663985923676
-0.2619119735393801, 0.8204731272377431, 0.508159363600916
-0.39495237061571553, 0.7653669140265336, 0.5081595080769297
-0.5147678231136602, 0.6939268610810012, 0.5034674863720607
-0.6123707857520756, 0.6123740816633744, 0.5000000048642976
-0.6939417299128177, 0.5147473741722423, 0.5034679054089181
-0.765379709277155, 0.39492725193505973, 0.5081597615592942
-0.8204563226872976, 0.26196342793646177, 0.5081599780523374
-0.854663750144165, 0.12676213054898422, 0.5034691296921482
-0.8660254019684605, 3.006210438366654e-06, 0.5000000031362931
-0.85466006194815, -0.12678561431284585, 0.5034694874316004
-0.8204481216296862, -0.2619886952009982, 0.5081601986493602
-0.7654049636447712, -0.39487748019891084, 0.5081604111418091
-0.6940179560501742, -0.5146418989686979, 0.5034707047638503
-0.612373986247467, -0.6123708839925153, 0.5000000014056022
-0.5146211945567758, -0.6940330066603181, 0.5034711360686643
-0.39485209797148474, -0.7654178912393614, 0.5081606708141142
-0.262039946462001, -0.8204313837928122, 0.5081608096201816
-0.12691236355354046, -0.8546396783324113, 0.5034722159137747
-0.0, -0.8660254037844348, 0.5000000000000068
-1.1024052253271858e-15, -0.8660254037844349, 0.5000000000000068
0.1269418473804776, -0.8546349428921348, 0.5034728027236649
0.26206968229164657, -0.8204216895776303, 0.508161121108647
0.39480458469892177, -0.7654420037260099, 0.5081612623806899
0.5145157439062948, -0.6941091734807918, 0.5034738930709532
0.6123709014425818, -0.6123739699438397, 0.5000000000016115
0.6941246054735127, -0.5144944788171704, 0.5034743349049887
0.7654551709490465, -0.3947787053446854, 0.5081615264467253
0.8204047585605205, -0.2621214699491424, 0.5081617335509411
0.854614151035239, -0.12707063951830777, 0.5034755513294547
0.8660254037783198, -2.804275941997296e-06, 0.5000000000027078
0.8546102675902726, 0.12709519524565155, 0.5034759360335245
0.8203962481615452, 0.26214764280146496, 0.5081619668719123
0.7654805196837007, 0.39472871272504134, 0.5081621706928114
0.6942018693887224, 0.5143874360110665, 0.5034771463497334
0.6123738861205323, 0.6123709852664243, 0.5000000000014482
0.5143659504353059, 0.6942174578417266, 0.5034775991115515
0.3947026071733244, 0.7654938005258757, 0.5081624398998466
0.2621992567129921, 0.8203793747204269, 0.5081625755968707
0.12722391322956567, 0.8545894882719554, 0.5034786815879951
0.0, 0.8660254037844353, 0.5000000000000058
0.0, 0.8660254037844353, 0.5000000000000058
-0.12725347995168762, 0.8545847389245813, 0.5034792717972468
-0.2622292656022459, 0.8203695880239601, 0.5081628909793838
-0.3946550575781405, 0.765517925874153, 0.5081630286863948
-0.5142600350648299, 0.6942939257574553, 0.5034803547824406
-0.6123709978888345, 0.6123738734982149, 0.5000000000014083
-0.6943095460169701, 0.5142385058473449, 0.503480809734606
-0.7655312305439859, 0.3946289053923854, 0.5081632989604172
-0.8203527449432664, 0.2622807867853318, 0.5081634977196666
-0.8545639895123104, 0.12738201903307483, 0.503482010025629
-0.8660254037791066, 2.623071841738933e-06, 0.5000000000023318
-0.8545600348316622, -0.12740699941535932, 0.5034824121439918
-0.820344102354996, -0.2623073602126087, 0.5081637396122901
-0.7655564000758601, -0.3945792685046528, 0.5081639351124356
-0.6943865973590457, -0.5141317613036965, 0.5034836063665913
-0.6123737901402773, -0.6123710812472953, 0.5000000000012433
-0.5141100131787157, -0.6944023729151447, 0.5034840721670424
-0.39455289223654977, -0.7655698172795988, 0.5081642104788273
-0.2623587085953433, -0.8203273165518283, 0.5081643426552813
-0.1275354629058863, -0.8545392982114488, 0.5034851472622263
-0.0, -0.8660254037844349, 0.5000000000000064
-1.1105495803809486e-15, -0.8660254037844352, 0.5000000000000064
0.12756572807866293, -0.8545344153572699, 0.5034857481267
0.2623891690844453, -0.8203173730017913, 0.5081646616909098
0.3945051280921406, -0.7655940395773895, 0.5081647960458469
0.5140030894632605, -0.6944795086252799, 0.5034868328999436
0.6123710934203678, -0.6123737779672741, 0.500000000001222
0.6944956652225671, -0.5139807797851464, 0.5034873080485162
0.7656076922759868, -0.3944782636059944, 0.5081650740118179
0.820300382212634, -0.2624410911806261, 0.5081652648142905
0.8545132533198154, -0.12769632401470127, 0.5034885016076681
0.8660254037797951, -2.4451459019031506e-06, 0.5000000000020397
0.8545091093589581, 0.1277223338079338, 0.5034889279533457
0.8202914480023544, 0.26246851728887416, 0.5081655166002303
0.7656329910486029, 0.39442833778556924, 0.5081657042960956
0.694573818040652, 0.513872375056757, 0.5034901156662513
0.6123736967107294, 0.6123711746773629, 0.5000000000010857
0.5138498540522074, 0.6945901242848964, 0.503490601279743
0.39440125903172973, 0.7656467512375054, 0.5081659871287659
0.26252027380866405, 0.8202745121743187, 0.5081661161814868
0.127852855395212, 0.8544879599835318, 0.5034916783763279
0.0, 0.8660254037844353, 0.5000000000000057
0.0, 0.8660254037844353, 0.5000000000000057
-0.12788319946501603, 0.8544830638008187, 0.5034922824761632
-0.26255100113775204, 0.8202644781836368, 0.5081664385852253
-0.39435343939949785, 0.7656709963217063, 0.5081665696177887
-0.5137424336671729, 0.694667583203963, 0.5034933602332038
-0.6123711867139439, 0.6123736846742263, 0.5000000000010516
-0.6946839190730847, 0.5137198718720849, 0.5034938478906126
-0.765684777767803, 0.39432631897928894, 0.5081668534025164
-0.8202475699020434, 0.2626026736964834, 0.5081670363707419
-0.8544619424684233, 0.12801355439503712, 0.5034950260740321
-0.8660254037804528, 2.2700100847452687e-06, 0.5000000000017293
-0.8544577301609656, -0.12803996879162935, 0.5034954690115023
-0.8202385113150756, -0.262630475963023, 0.5081672962032284
-0.7657099084790091, -0.39427672726160234, 0.508167476091057
-0.694761869604863, -0.5136117516590042, 0.5034966413926957
-0.6123736039569925, -0.612371267431616, 0.5000000000009146
-0.5135889802892349, -0.6947783538385364, 0.5034971394270844
-0.3942493948697752, -0.7657237962415999, 0.5081677646898649
-0.2626819840003553, -0.8202216576593409, 0.5081678904690077
-0.12817024788418538, -0.8544366217556767, 0.5034982094904142
-0.0, -0.866025403784435, 0.5000000000000062
-1.118881678887795e-15, -0.866025403784435, 0.5000000000000062
0.1282013042502206, -0.8544315885469589, 0.5034988241187438
0.26271315956039204, -0.8202114675020555, 0.5081682162805453
0.39420134076915836, -0.765748147941866, 0.5081683441867579
0.5134805061257992, -0.6948565100400061, 0.503499903999635
0.6123712790018048, -0.6123735923868581, 0.5000000000008996
0.694873382849875, -0.5134571605508103, 0.503500411272593
0.7657622731574635, -0.39417351511824744, 0.5081686352319963
0.8201944009649917, -0.262765263299364, 0.508168810741835
0.8544100380936193, -0.12833379044676602, 0.5035015834841348
0.8660254037810237, -2.098469511054732e-06, 0.5000000000014888
0.8544056354060587, 0.12836123151460804, 0.5035020498419724
0.8201850548378733, 0.2627939037053898, 0.508169079896065
0.7657875501411621, 0.39412359961225774, 0.5081692524833963
0.694952478921137, 0.5133473117019622, 0.5035032164864875
0.6123735139976993, 0.6123713573913353, 0.5000000000007878
0.5133237646088967, 0.6949694941276681, 0.5035037337300927
0.39409557220628505, 0.7658017764397367, 0.5081695481084958
0.26284585043245345, 0.8201680405080631, 0.5081696709986754
0.12849364319826784, 0.8543840977340242, 0.5035048061439295
0.0, 0.8660254037844354, 0.5000000000000056
0.0, 0.8660254037844355, 0.5000000000000056
-0.12852477427123155, 0.8543790518148339, 0.5035054238357766
-0.262877287051365, 0.8201577616171003, 0.5081699999682115
-0.3940474445951399, 0.7658261598514, 0.5081701248009824
-0.5132147634387283, 0.695047993582599, 0.5035064970630971
-0.6123713688450542, 0.6123735025440449, 0.5000000000007587
-0.6950650362647393, 0.5131911783712294, 0.5035070162061918
-0.7658404048879651, 0.39401938040178736, 0.508170421265557
-0.8201407719821232, 0.2629291586669701, 0.5081705894653319
-0.8543575402068958, 0.12865703209743531, 0.5035081738362939
-0.866025403781562, 1.9299733090236244e-06, 0.5000000000012378
-0.8543530722613877, -0.12868485674394645, 0.503508655923658
-0.8201313095480439, -0.2629581501184148, 0.5081708661271076
-0.7658655252458343, -0.39396977673043027, 0.5081710314327238
-0.6951439408001565, -0.51308159958777, 0.5035098080352463
-0.6123734247746027, -0.6123714466148555, 0.5000000000006475
-0.5130578149371908, -0.695161124471032, 0.5035103370521001
-0.3939415132669124, -0.7658798700993426, 0.5081713324203704
-0.2630098658901556, -0.8201143717468439, 0.5081714522903541
-0.12881703851201923, -0.8543315737124298, 0.5035114027974299
-0.0, -0.8660254037844353, 0.500000000000006
-1.1274080889114602e-15, -0.8660254037844353, 0.500000000000006
0.12884889620173923, -0.8543263871082144, 0.5035120308774172
0.26304174726579105, -0.820103937407447, 0.5081717844146135
0.3938931307419488, -0.7659043700223995, 0.50817190635192
0.5129477127419737, -0.6952403517689729, 0.5035131065705267
0.6123714575897582, -0.6123734137997414, 0.5000000000006379
0.6952579319393155, -0.512923340585462, 0.5035136447133832
0.76591895447479, -0.39386436857201423, 0.5081722096324509
0.8200867786573299, -0.26309408112393395, 0.5081723708843332
0.8543044291516995, -0.12898336245334763, 0.5035147971574145
0.8660254037820244, -1.7653998905923281e-06, 0.5000000000010443
0.8542997697474406, 0.12901221073270455, 0.5035153018129619
0.8200770328944201, 0.26312389579966255, 0.5081726562796361
0.7659442385554807, 0.3938144053042298, 0.5081728148006948
0.6953380276360602, 0.5128119620515396, 0.5035164489870692
0.6123733385992002, 0.6123715327905984, 0.5000000000005483
0.5127873988584332, 0.6953557425014508, 0.5035169965737538
0.3937854544851264, 0.7659589174011299, 0.5081731223614487
0.2631760816084444, 0.8200599234567363, 0.5081732395824332
0.12914660233024533, 0.8542778246884397, 0.5035180650249677
0.0, 0.8660254037844356, 0.5000000000000053
0.0, 0.8660254037844355, 0.5000000000000053
-0.1291785303401187, 0.8542726260329885, 0.5035186959885906
-0.26320821814982104, 0.8200494021320558, 0.5081735746486991
-0.3937369799140463, 0.7659834581893789, 0.5081736937678651
-0.5126767380930002, 0.6954353338307016, 0.5035197654080473
-0.6123715436648187, 0.612373327725032, 0.5000000000005242
-0.695453074058747, 0.5126521397017101, 0.5035203147520559
-0.7659981533094274, 0.3937079970897354, 0.5081740020580348
-0.8200323145006562, 0.2632603377753678, 0.5081741565375401
-0.8542507049372581, 0.12931278145551678, 0.5035214534463924
-0.866025403782453, 1.6041469572623689e-06, 0.5000000000008478
-0.8542459835703594, -0.12934199129947918, 0.5035219729287764
-0.8200224607565546, -0.26329047769675007, 0.5081744488876124
-0.7660232924886927, -0.3936583227562421, 0.5081746006666144
-0.6955329894396172, -0.5125410160659628, 0.5035231064060007
-0.6123732532249805, -0.6123716181651564, 0.5000000000004365
-0.5125162287520613, -0.6955508628329521, 0.5035236650882318
-0.393629153949096, -0.7660380806477369, 0.5081749131762108
-0.2633424505458385, -0.820005422028443, 0.5081750276365741
-0.12947616614852875, -0.8542240756644408, 0.5035247272525059
-0.0, -0.8660254037844353, 0.5000000000000058
-1.1361356885627025e-15, -0.8660254037844353, 0.5000000000000057
0.12950883673718083, -0.8542187323159292, 0.5035253684961437
0.26337503171925475, -0.8199947448479283, 0.5081753656703466
0.39358041000724076, -0.7660627448234221, 0.5081754819086995
0.5124044268383822, -0.6956312073695036, 0.5035264402382457
0.6123716376197528, -0.6123732337704392, 0.5000000000004242
0.6956495015472313, -0.5123790152396062, 0.5035270090544667
0.7660777853881987, -0.3935507156189903, 0.5081757970333565
0.8199774837715266, -0.26342762500367395, 0.508175944394957
0.8541963509205599, -0.1296453533835877, 0.5035281418009011
0.8660254037828566, -1.4251348910515163e-06, 0.5000000000006792
0.8541914288246575, 0.1296756300402622, 0.5035286848602308
0.8199673390376919, 0.2634586087025245, 0.5081762456401897
0.7661030906691941, 0.3935006760091298, 0.5081763903838212
0.6957306335786282, 0.5122660490363428, 0.5035298123593632
0.6123731587391635, 0.6123717126512697, 0.5000000000003517
0.5122404497157922, 0.6957490597885654, 0.5035303904468356
0.393470808131793, 0.7661182179284757, 0.5081767094431711
0.263511068337286, 0.8199501225494967, 0.5081768215057835
0.12981207186761162, 0.8541690604477263, 0.5035314550916328
0.0, 0.8660254037844357, 0.5000000000000051
0.0, 0.8660254037844357, 0.5000000000000051
-0.12984481785644283, 0.8541637040431376, 0.5035320994273296
-0.2635439181032792, 0.8199393536666577, 0.5081771626752469
-0.39342198840003817, 0.7661429147590335, 0.508177275134901
-0.5121281058840828, 0.6958297552547776, 0.5035331630435511
-0.6123717500429142, 0.6123731213476358, 0.5000000000003093
-0.6958482522001361, 0.5121024063057433, 0.5035337460907681
-0.7661580907742959, 0.3933920231818793, 0.5081775964034501
-0.819922178021141, 0.2635962549779499, 0.5081777359164409
-0.8541413671156242, 0.12998107815045062, 0.5035348622191153
-0.8660254037832595, 1.2315631479395427e-06, 0.5000000000004993
-0.8541363715767842, -0.13001177825102803, 0.5035354226438148
-0.8199119115746533, -0.2636276040736537, 0.5081780449757396
-0.7661832333335863, -0.39334230884394245, 0.5081781823746643
-0.6959291718048682, -0.5119897416927377, 0.5035365344899818
-0.6123730619771701, -0.6123718094135665, 0.5000000000002527
-0.51196389352078, -0.6959477733514945, 0.5035371248782168
-0.3933122145872716, -0.7661984738717867, 0.5081785065699764
-0.2636798438667742, -0.8198947682879367, 0.5081786161400973
-0.13014797758689567, -0.8541140452309768, 0.503538182930766
-0.0, -0.8660254037844356, 0.5000000000000054
-1.1450716843488588e-15, -0.8660254037844355, 0.5000000000000054
0.13018148865548143, -0.8541085389070578, 0.503538837669865
0.2637131462328498, -0.8198838404266984, 0.5081789602570925
0.3932631252158401, -0.7662232938614596, 0.5081790693446303
0.5118503893523499, -0.6960292325191686, 0.5035399028001097
0.6123718497540435, -0.6123730216367952, 0.5000000000002274
0.6960483005180329, -0.511823849429125, 0.5035405058033464
0.7662388209201201, -0.3932324356910676, 0.5081793974370572
0.8198664843446732, -0.26376597599512874, 0.508179530350654
0.8540857233294823, -0.13032009497769287, 0.5035416167072448
0.8660254037835484, -1.0719897302789454e-06, 0.5000000000003791
0.8540805302462131, 0.13035183420924495, 0.5035421987742839
0.8198559375929596, 0.2637981346266116, 0.5081798472845606
0.7662641549261392, 0.3931823041983358, 0.5081799789234183
0.6961304928641953, 0.5117092552396056, 0.5035433071003549
0.6123729867716872, 0.6123718846192325, 0.500000000000203
0.5116826286453734, 0.6961496218563086, 0.5035439143844829
0.3931515431064035, 0.7662797177698382, 0.5081803086386573
0.26385091042871156, 0.819838599496982, 0.5081804162238059
0.13049040077711863, 0.854057721585209, 0.503544976177467
0.0, 0.8660254037844358, 0.5000000000000049
0.0, 0.8660254037844357, 0.5000000000000049
-0.13052396902272853, 0.8540522053181339, 0.5035456332613284
-0.2638844482817321, 0.8198275907980517, 0.5081807626705734
-0.3931023116038635, 0.7663046033414542, 0.508180869723194
-0.5115684861517511, 0.696231497874853, 0.503546693409068
-0.6123719194843485, 0.6123729519066596, 0.5000000000001699
-0.6962506911176501, 0.5115417682545531, 0.50354730520493
-0.766320212800119, 0.39307145727716286, 0.5081812015533153
-0.8198102881558003, 0.26393711772472406, 0.5081813293360872
-0.8540294195692285, 0.13066240381991193, 0.5035484052646346
-0.8660254037837546, 9.405057210509349e-07, 0.5000000000002881
-0.8540241767716612, -0.1306944289271867, 0.5035489990551526
-0.819799659001149, -0.26396952354533615, 0.5081816515556508
-0.7663454371085959, -0.3930215451910707, 0.5081817780635998
-0.6963327415202265, -0.5114273757696506, 0.5035500965369198
-0.612372917040987, -0.6123719543501019, 0.5000000000001458
-0.5114005711995186, -0.6963519957574846, 0.5035507126137737
-0.39299061929478535, -0.7663610823533131, 0.5081821115165529
-0.26402213902529387, -0.8197823743456508, 0.5081822170667366
-0.13083282396850132, -0.854001397939237, 0.5035517694242134
-0.0, -0.8660254037844357, 0.500000000000005
-1.1542236312427139e-15, -0.8660254037844357, 0.500000000000005
0.13086716017699035, -0.8539957299222402, 0.5035524361911028
0.26405610113944356, -0.8197712156999979, 0.5081825656578082
0.3929410536038306, -0.766386122847307, 0.5081826708892796
0.5112851555893672, -0.6964347112457946, 0.5035535004931215
0.6123719859071102, -0.6123728854840357, 0.5000000000001351
0.6964544263766023, -0.5112576648201973, 0.5035541280238105
0.766402046747189, -0.3929095469213765, 0.5081830076022171
0.8197537027652475, -0.2641093508071424, 0.5081831306354834
0.8539724384399834, -0.13100806920831765, 0.5035552266597823
0.8660254037839239, -8.137329676949429e-07, 0.5000000000002174
0.8539670058991631, 0.13104107960228617, 0.503555839045948
0.8197428112016092, 0.264142510443824, 0.5081834592391707
0.7664274992461759, 0.3928591427710573, 0.5081835809076819
0.6965378269013184, 0.5111412247692206, 0.5035569348809491
0.6123728456904782, 0.612372025700735, 0.500000000000114
0.5111136367093014, 0.6965576102292315, 0.5035575672100063
0.39282755287219095, 0.7664434646492664, 0.5081839195068405
0.26419569264612935, 0.8197253208369706, 0.5081840227732062
0.13118193520267624, 0.8539437238340759, 0.5035586273204788
0.0, 0.8660254037844359, 0.5000000000000044
0.0, 0.8660254037844359, 0.5000000000000046
-0.1312163279812484, 0.8539380458897508, 0.5035592964071973
-0.2642298855522301, 0.8197140827206768, 0.5081843734917191
-0.3927778238646093, 0.7664685810954119, 0.5081844775097291
-0.510997542991437, 0.6966407686263064, 0.5035603570015416
-0.6123720444930169, 0.6123728268982396, 0.5000000000000951
-0.6966605875120893, 0.5109699044617653, 0.5035609918257984
-0.7664845694450737, 0.3927461881411696, 0.5081848171483394
-0.819696611665741, 0.2642830097610163, 0.5081849357866698
-0.8539147799478389, 0.13135709110368243, 0.5035620808922786
-0.8660254037840662, 6.909117684721229e-07, 0.500000000000157
-0.8539093013780977, -0.13139036410200855, 0.5035627040480714
-0.8196856460889791, -0.26431639092934206, 0.5081852691282304
-0.7665099238312522, -0.3926959805519008, 0.5081853859975276
-0.6967438578416454, -0.5108536499470943, 0.5035637895270306
-0.6123727739575894, -0.6123720974337523, 0.5000000000000703
-0.5108258821771258, -0.696763767208127, 0.5035644307226379
-0.3926642259410996, -0.7665259714200224, 0.5081857283307838
-0.2643694122746121, -0.819668209491244, 0.5081858292217142
-0.13153104643743097, -0.8538860497288135, 0.5035654852167656
-0.0, -0.866025403784436, 0.5000000000000046
-1.1635994539809403e-15, -0.866025403784436, 0.5000000000000046
0.13156623079096005, -0.8538802144702263, 0.5035661640746156
0.2644040347619747, -0.8196568191844426, 0.5081861819948125
0.39261415207148087, -0.7665512476617385, 0.5081862845965359
0.5107084737285794, -0.6968477907526514, 0.5035672292892536
0.6123721100400792, -0.6123727613512702, 0.5000000000000747
0.6968681384677007, -0.5106800496020838, 0.503567879539063
0.766567550382153, -0.3925818626447676, 0.508186628827668
0.8196391290618334, -0.2644577633973983, 0.5081867426962374
0.8538564246485315, -0.13170954394956158, 0.5035689669527507
0.8660254037841898, -5.575782261686942e-07, 0.5000000000001041
0.8538507495683408, 0.13174383050993646, 0.5035696089845636
0.8196278960601757, 0.26449191104294745, 0.5081870823840466
0.7665931398636586, 0.39253114786305776, 0.5081871943811439
0.6969527982271968, 0.5105616833844566, 0.5035706925840226
0.6123727046615837, 0.6123721667298377, 0.5000000000000516
0.5105331228639016, 0.6969732412082109, 0.5035713495520511
0.39249873489114306, 0.7666095040677465, 0.5081875414122132
0.26454553495591276, 0.8196102410661972, 0.5081876408439427
0.1318870644440981, 0.8538269738248763, 0.5035724086113693
0.0, 0.8660254037844363, 0.5000000000000042
0.0, 0.8660254037844362, 0.5000000000000042
-0.13192230405279176, 0.8538211287801198, 0.5035730897354778
-0.2645804012490036, 0.8195987667042623, 0.5081879959167938
-0.3924485073344398, 0.7666348512901265, 0.5081880959232994
-0.5104150345551772, 0.6970577070558445, 0.5035741489130493
-0.6123721918453294, 0.6123726795461221, 0.5000000000000374
-0.6970781952323079, 0.5103864094392243, 0.5035748090654446
-0.7666512454571153, 0.39241603423980875, 0.5081884443172442
-0.819581136254661, 0.2646339518638453, 0.5081885528088396
-0.8537973725520177, 0.13206542768455698, 0.50357588484018
-0.8660254037842945, 4.1567449263775065e-07, 0.5000000000000628
-0.8537916449461606, -0.13210001069031785, 0.5035765390304784
-0.8195698197299266, -0.26466834870283723, 0.5081888978289377
-0.76667672470503, -0.39236554083860103, 0.5081890048531504
-0.6971627084076641, -0.5102682529364573, 0.5035776117772487
-0.6123726360012416, -0.6123722353902603, 0.5000000000000232
-0.5102395233701938, -0.6971832695703788, 0.5035782770751767
-0.3923329798636068, -0.7666931626226033, 0.5081893552387072
-0.26472182998734367, -0.8195522125235939, 0.5081894532370878
-0.13224308245062413, -0.8537678979209653, 0.5035793320059648
-0.0, -0.8660254037844362, 0.5000000000000042
-1.1732074695945271e-15, -0.8660254037844362, 0.5000000000000042
0.13227912955470525, -0.8537618912872562, 0.5035800226309364
0.264757126441399, -0.8195405853113548, 0.5081898101665605
0.3922823891334076, -0.7667186782702252, 0.5081899081513984
0.5101200644863931, -0.6972686358890396, 0.5035810857277333
0.6123722499045565, -0.6123726214869534, 0.500000000000028
0.6972896502234447, -0.5100906548600863, 0.5035817602732939
0.7667353795012384, -0.39224927561472117, 0.508190260504366
0.819522718644818, -0.2648113303241317, 0.5081903660725968
0.8537375838062478, -0.13242492840401668, 0.503582837931271
0.8660254037843464, -3.492015541009096e-07, 0.5000000000000382
0.8537316789339848, 0.13246040820629945, 0.5035835052846013
0.8195111735442739, 0.2648463759979134, 0.5081907145983158
0.7667611578819157, 0.3921981446397761, 0.5081908202495116
0.6973756601899244, 0.5099702240523489, 0.5035845828262484
0.6123726202890841, 0.6123722511024299, 0.500000000000024
0.5099408105483323, 0.6973966773574933, 0.5035852575657338
0.3921650404610863, 0.7667778545354061, 0.5081911723905284
0.26490059086242884, 0.8194933031395139, 0.5081912707400316
0.13260620530899772, 0.8537073717243522, 0.5035863205117639
0.0, 0.8660254037844364, 0.5000000000000039
0.0, 0.8660254037844364, 0.5000000000000039
-0.13264225502311172, 0.8537013646839561, 0.5035870112437012
-0.26493604170982277, 0.8194816217605769, 0.508191627942869
-0.39211416203357197, 0.766803507470693, 0.5081917264122261
-0.5098205017420084, 0.6974826023048022, 0.5035880741145045
-0.6123722523012987, 0.6123726190902211, 0.5000000000000175
-0.6975036224381965, 0.5097910841791907, 0.5035887490578337
-0.7668202000841073, 0.392081066140007, 0.5081920783655612
-0.8194637484881074, 0.264990264877236, 0.5081921842639848
-0.8536770584130187, 0.13278804609746772, 0.5035898262255991
-0.8660254037843451, 3.4468453268499884e-07, 0.5000000000000431
-0.8536711515279906, -0.13282353883577538, 0.5035904941086898
-0.8194522085762915, -0.2650252956278988, 0.5081925324671664
-0.7668459856955078, -0.3920299202618396, 0.5081926384486969
-0.697589625837849, -0.5096706623584493, 0.503591571160377
-0.6123726178955374, -0.6123722534959827, 0.5000000000000179
-0.5096412409254709, -0.6976106487991505, 0.5035922462972647
-0.3919968337158358, -0.7668626737276429, 0.5081929901899142
-0.26507952978312216, -0.8194343315635756, 0.5081930890240867
-0.13296932816765358, -0.8536468455276893, 0.5035933090175725
-0.0, -0.8660254037844365, 0.5000000000000037
-1.18305641229265e-15, -0.8660254037844365, 0.5000000000000037
0.1330061510394264, -0.8536406815981388, 0.5035940068723792
0.2651153143395167, -0.8194225293482033, 0.5081934457995979
0.3919454421542442, -0.7668885689877752, 0.5081935457262894
0.5095193524776399, -0.6976976157258534, 0.5035950800760991
0.6123722167297384, -0.6123726546617254, 0.5000000000000415
0.6977190096280657, -0.5094893669540156, 0.5035957577411528
0.7669054472120687, -0.39191194927517753, 0.5081938957761091
0.8194043283049615, -0.26517046020236046, 0.5081940064537329
0.8536157624684518, -0.1331549299805941, 0.5035968513846565
0.8660254037842378, -4.715050172095701e-07, 0.5000000000000817
0.8536097470871149, 0.13319092970933774, 0.5035975154692529
0.8193926885368954, 0.26520575597583673, 0.5081943496029366
0.7669317141911693, 0.39185979660806863, 0.508194462970592
0.6978067533003064, 0.5093663111255596, 0.5035986136898672
0.6123727168351477, 0.6123721545562388, 0.5000000000000603
0.5093364828374151, 0.6978280382685768, 0.5035992836319351
0.39182647748374666, 0.7669485063714931, 0.5081948090813353
0.2652610519966523, 0.8193744368018259, 0.5081949134757124
0.13333979247297822, 0.8535848127562995, 0.5036003634166928
0.0, 0.8660254037844366, 0.5000000000000034
0.0, 0.8660254037844366, 0.5000000000000034
-0.13337648516255313, 0.8535786724340254, 0.503601055930381
-0.26529677679984054, 0.8193626525094828, 0.508195265817023
-0.3917745245891672, 0.7669746741957069, 0.5081953717485989
-0.5092134435016444, 0.6979157702709933, 0.5036021387653565
-0.6123720923843929, 0.6123727790069164, 0.5000000000000786
-0.697936940886169, 0.5091837802693586, 0.5036028006023401
-0.7669913635253544, 0.3917414131600763, 0.5081957131517821
-0.8193443228731834, 0.26535230355510164, 0.5081958346374096
-0.8535536959520226, 0.13352558017597854, 0.5036039134106276
-0.8660254037840288, 7.059715854580445e-07, 0.5000000000001731
-0.8535477716675688, -0.13356107794304584, 0.503604556900455
-0.8193328570833497, -0.26538708402599953, 0.5081961667384558
-0.7670178613656843, -0.3916887942866253, 0.5081962909141254
-0.698024934740989, -0.5090603633233955, 0.5036056742858284
-0.6123728411802419, -0.6123720302109857, 0.5000000000001026
-0.5090308573263751, -0.698045996422499, 0.5036063283998412
-0.3916558566122062, -0.7670344646516143, 0.50819662837829
-0.2654427609389667, -0.8193144767556053, 0.5081967387775421
-0.13371025677844045, -0.8535227799848865, 0.5036074178158167
-0.0, -0.8660254037844368, 0.5000000000000033
-1.193155460725745e-15, -0.8660254037844368, 0.5000000000000033
0.1337476293146238, -0.853516498185116, 0.5036081126033125
0.26547865055489206, -0.8193026281876554, 0.5081970868441328
0.3916031877394604, -0.7670609746947721, 0.5081971968621312
0.5089059996738421, -0.6981349316958856, 0.5036092100245833
0.6123720439270933, -0.6123728274641435, 0.5000000000001075
0.6981564728125416, -0.5088757706316248, 0.5036098734051512
0.7670778632893531, -0.3915696504998344, 0.5081975366561142
0.8192839839487527, -0.26553505833889446, 0.5081976586352399
0.8534909040336953, -0.13389970753554417, 0.5036109957608061
0.8660254037840684, -6.491826476906407e-07, 0.50000000000015
0.8534847941131816, 0.13393613030095858, 0.5036116515814711
0.8192722721862911, 0.2655705351675196, 0.5081979945788642
0.7671046641081012, 0.3915163829831166, 0.5081981129290896
0.6982460713688192, 0.5087499053867877, 0.5036127679555915
0.6123727498321772, 0.6123721215591562, 0.500000000000075
0.508719483676142, 0.69826774622695, 0.503613440804955
0.39148263685236007, 0.7671216562653554, 0.5081984574576524
0.26562678093226955, 0.8192536825541088, 0.5081985628983956
0.13408814091029578, 0.8534592121319724, 0.5036145319650673
0.0, 0.8660254037844369, 0.5000000000000031
0.0, 0.8660254037844369, 0.5000000000000031
-0.13412553819053213, 0.8534529260168708, 0.5036152277669205
-0.2656630267384539, 0.8192417114804249, 0.5081989153225861
-0.39142993477794397, 0.7671481768109305, 0.5081990209146292
-0.5085939514515023, 0.6983571136451976, 0.5036163189899435
-0.6123721727903091, 0.6123726986011018, 0.5000000000000497
-0.698378888941166, 0.5085633851988997, 0.5036169989455521
-0.7671652686792267, 0.39139598760391403, 0.5081993699994922
-0.819223200134387, 0.26571904016904424, 0.5081994786641529
-0.8534273867396074, 0.1342773119025551, 0.5036180984322877
-0.8660254037842928, 3.538270494243414e-07, 0.5000000000000664
-0.8534211631150236, -0.13431436444579298, 0.503618780089538
-0.8192112685510464, -0.2657551690448247, 0.5081998285808642
-0.767191782260377, -0.3913432994766879, 0.5081999331406343
-0.6984681930177603, -0.5084379441297742, 0.5036198726486911
-0.6123726044668398, -0.6123722669246735, 0.5000000000000207
-0.5084071466732615, -0.6984901287356072, 0.5036205639651923
-0.39130910141889647, -0.767208998477321, 0.5082002879119842
-0.26581097606452064, -0.819192826806668, 0.5082003874987782
-0.13446602504232574, -0.8533956442790274, 0.5036216461143231
-0.0, -0.866025403784437, 0.5000000000000027
-1.2035142655123856e-15, -0.866025403784437, 0.5000000000000027
0.13450428982361845, -0.8533891812396526, 0.5036223508163346
0.26584780392558943, -0.8191806502818018, 0.5082007443566994
0.3912561908099135, -0.7672356091528476, 0.508200845378365
0.5082802398570079, -0.6985803871095763, 0.5036234442545295
0.6123722889307702, -0.6123725824607577, 0.500000000000024
0.6986028327540372, -0.5082486725708513, 0.5036241460078625
0.76725313442621, -0.39122134382915347, 0.5082012032259772
0.8191619491878187, -0.26590432564343003, 0.5082013021931894
0.8533630457970208, -0.13465889470284592, 0.5036252370850246
0.866025403784413, -1.6011318936734728e-07, 0.5000000000000092
0.8533565787806956, 0.13469718136141406, 0.5036259426848944
0.8191496704053762, 0.26594144866849584, 0.5082016619761848
0.7672798353863219, 0.39116823864199884, 0.5082017591270482
0.6986936444031773, 0.5081209131364157, 0.5036270301520847
0.612372519490745, 0.6123723519008178, 0.5000000000000087
0.508089198803219, 0.6987161918576487, 0.5036277391254298
0.3911332314162653, 0.7672974399805012, 0.5082021206074079
0.26599780098681847, 0.819131026533723, 0.5082022161798976
0.1348516307592343, 0.8533304716010781, 0.5036288225746299
0.0, 0.8660254037844372, 0.5000000000000027
0.0, 0.8660254037844372, 0.5000000000000026
-0.13489007018453028, 0.8533239768150018, 0.503629534442424
-0.2660350334760345, 0.8191187107748104, 0.508202578310352
-0.39108023187647983, 0.7673240886454445, 0.5082026741134531
-0.5079615382453876, 0.698806935048215, 0.503630618414808
-0.6123723752690085, 0.6123724961225595, 0.5000000000000049
-0.6988295202810976, 0.5079297693477681, 0.5036313300672755
-0.767341722668287, 0.39104516519855764, 0.5082030369416012
-0.8191000881329594, 0.2660913229461912, 0.5082031311662908
-0.8532978812142693, 0.13504445588588757, 0.5036324117183408
-0.8660254037844244, 4.968071471094356e-08, 0.5000000000000137
-0.8532913745321762, -0.13508296075295192, 0.5036331262713463
-0.8190877383960754, -0.26612865602293795, 0.5082034954538511
-0.7673683252717796, -0.39099225871274984, 0.5082035883381157
-0.6989202056814653, -0.5078021922579519, 0.5036342052583712
-0.6123724496537946, -0.6123724217377913, 0.5000000000000001
-0.5077703148464097, -0.698942866045431, 0.5036349222388747
-0.3909570737802487, -0.7673860178303125, 0.508203953847086
-0.26618482048359116, -0.8190691579818322, 0.5082040456289441
-0.13523723647640287, -0.8532652989230829, 0.5036359990349455
-0.0, -0.8660254037844374, 0.5000000000000022
-1.2141429789690173e-15, -0.8660254037844374, 0.5000000000000022
0.1352766946562361, -0.8532585978845613, 0.503636724882891
0.2662226671515165, -0.8190566252396344, 0.5082044126443237
0.39090381035960403, -0.7674127836728929, 0.5082045022988609
0.5076411831819839, -0.6990345629447389, 0.5036378056739284
0.612372474972337, -0.6123723964192227, 0.5000000000000151
0.699057807952472, -0.5076084244804246, 0.5036385373672204
0.7674308451874073, -0.3908678535367251, 0.5082048732871658
0.8190378280297775, -0.2662794183421244, 0.5082049584826508
0.8532319142928064, -0.13543383524170416, 0.5036396106027197
0.8660254037843899, 1.356888730445583e-07, 0.5000000000000178
0.8532251521982277, 0.13547362584338424, 0.503640350093855
0.8190251076083024, 0.26631781141562816, 0.5082053336872605
0.7674575988264096, 0.39081460260106266, 0.5082054152730705
0.6991499761603723, 0.5074785554404944, 0.5036414174846702
0.6123723310528386, 0.6123725403386919, 0.5000000000000171
0.5074455882867996, 0.6991733649290829, 0.5036421593996142
0.39077839185457364, 0.7674757857369158, 0.5082057920213485
0.2663743282417017, 0.8190063898095601, 0.5082058744934308
0.13563062429016703, 0.8531984947114906, 0.5036432299829365
0.0, 0.8660254037844375, 0.5000000000000021
0.0, 0.8660254037844375, 0.5000000000000021
-0.13567032834301673, 0.8531917485137267, 0.5036439659213798
-0.2664127790984196, 0.8189936498091266, 0.5082062509387012
-0.39072527487942177, 0.7675024732217757, 0.5082063309685345
-0.5073158679230515, 0.699265430601216, 0.5036450322264243
-0.6123726056961524, 0.6123722656953432, 0.5000000000000255
-0.6992889686586744, 0.5072826843031732, 0.5036457847547625
-0.7675208024955051, 0.3906887758515932, 0.5082067142554436
-0.8189750389895276, 0.2664689802001323, 0.5082067849646037
-0.8531651450515239, 0.13582703265658813, 0.5036468337367646
-0.8660254037842913, -3.8217545389552296e-07, 0.5000000000000667
-0.8531582678572093, -0.13586744992716637, 0.5036475989462421
-0.8189620861513718, -0.2665080591988162, 0.508207174898524
-0.7675472460383098, -0.39063615285192976, 0.5082072419981309
-0.6993808163407821, -0.5071532800214531, 0.5036486420836896
-0.6123722003270767, -0.6123726710643828, 0.5000000000000357
-0.507119887944822, -0.6994044981624729, 0.5036494048339077
-0.39059939989836817, -0.7675657007092108, 0.5082076310450906
-0.26656402593796547, -0.8189435547424047, 0.5082077038923412
-0.13602401210487025, -0.8531316904997266, 0.5036504609309642
-0.0, -0.8660254037844377, 0.5000000000000017
-1.2250522899924313e-15, -0.8660254037844378, 0.5000000000000017
0.13606482019751032, -0.853124720375343, 0.5036512131693442
0.2666032180308556, -0.8189305540393861, 0.5082080877060279
0.39054609447383876, -0.7675924676319678, 0.508208162900206
0.5069886151604758, -0.6994975690125627, 0.5036522829588939
0.6123725477352886, -0.6123723236559998, 0.5000000000000907
0.69952160041155, -0.5069546799055784, 0.5036530426027679
0.7676110838308142, -0.3905089883658651, 0.508208547524609
0.8189116258228697, -0.2666602996756791, 0.508208623185405
0.8530974047365679, -0.1362249201334992, 0.5036541115024241
0.8660254037840025, 2.1135439255197595e-08, 0.5000000000001693
0.8530904416536231, 0.13626569236845865, 0.5036548622637922
0.8188986176271773, 0.26669950644247986, 0.5082090036214241
0.767638128730227, 0.3904551067023878, 0.5082090860576385
0.6996155209850805, 0.5068221163818893, 0.5036559429246108
0.6123725267535396, 0.612372344637639, 0.500000000000114
0.5067885673448007, 0.6996392862732528, 0.5036566836354973
0.3904183974870217, 0.7676565490160195, 0.5082094616776209
0.26675690181574946, 0.8188795830666102, 0.5082095458380871
0.13642591859952855, 0.8530631028376907, 0.5036577657742873
0.0, 0.8660254037844378, 0.5000000000000016
0.0, 0.8660254037844378, 0.5000000000000016
-0.13646654912950218, 0.8530561652604727, 0.5036585107242288
-0.26679596765669555, 0.8188666223756018, 0.5082099232558261
-0.39036443860146997, 0.7676836322889242, 0.5082100019583995
-0.506656067766742, 0.6997331632664947, 0.503659580830672
-0.6123728507520925, 0.6123720206391061, 0.500000000000108
-0.6997574076393016, 0.506621822217361, 0.5036603556658968
-0.7677023441189733, 0.39032713795377827, 0.5082103910016721
-0.8188477647135395, 0.26685284227243145, 0.5082104542757601
-0.853028920724875, 0.1366262663115378, 0.5036613933380591
-0.866025403783792, -9.001596774638411e-07, 0.5000000000002618
-0.8530217532510811, -0.13666814216423478, 0.5036621894045713
-0.818834467738222, -0.26689289888260415, 0.5082108529874366
-0.7677290204100031, -0.3902740043733872, 0.5082109125538856
-0.699850798992824, -0.5064900285491735, 0.5036632182788303
-0.6123718092248285, -0.6123730621659018, 0.5000000000002374
-0.5064554406300821, -0.6998752787173944, 0.5036640098843529
-0.39023641264252734, -0.767747875661758, 0.5082113082051767
-0.26694948053772155, -0.8188157096239275, 0.5082113777082236
-0.1368275391971218, -0.8529945679650913, 0.5036650588826938
-0.0, -0.8660254037844379, 0.5000000000000011
-1.2362534620878287e-15, -0.866025403784438, 0.5000000000000011
0.1368689478505279, -0.8529874643697573, 0.5036658055086706
0.2669886829963347, -0.8188026925215498, 0.5082117492529736
0.39018161518832983, -0.7677753587837236, 0.5082118558021382
0.5063208211904748, -0.6999705469681158, 0.5036669372110097
0.6123717138383398, -0.6123731575521414, 0.5000000000003133
0.6999939457912766, -0.5062877654717188, 0.5036676227065917
0.7677933543835977, -0.3901457392277653, 0.5082121996638634
0.8187828481650247, -0.26704840788262296, 0.5082123235109199
0.8529591662018862, -0.13703387269537695, 0.5036687885849838
0.866025403783311, -1.231053422684626e-06, 0.5000000000004376
0.852952407167002, 0.1370734176598438, 0.5036694587090287
0.8187703217222662, 0.26708615680112685, 0.5082126599743785
0.7678217106203109, 0.39008915787791354, 0.5082127811255283
0.7000907448222098, 0.5061508607743024, 0.5036706192701885
0.6123730746893739, 0.6123717967013543, 0.5000000000002365
0.5061175765619501, 0.7001143012037574, 0.5036713159670574
0.3900530204676449, 0.7678398352722967, 0.5082131309175771
0.2671455904870312, 0.8187505761495018, 0.508213227974546
0.13723800343216797, 0.8529241716460796, 0.5036724278607994
0.0, 0.8660254037844382, 0.5000000000000009
0.0, 0.8660254037844382, 0.5000000000000009
-0.13727946014587156, 0.8529170590163986, 0.5036731764589786
-0.2671850633424166, 0.818737464334772, 0.5082136014976185
-0.3899978978300215, 0.7678674723152688, 0.5082136792728746
-0.5059818693412375, 0.7002102766185473, 0.5036742538650212
-0.6123727030683427, 0.612372168323035, 0.5000000000000588
-0.7002350726876909, 0.5059467819676128, 0.5036750388855353
-0.7678865184141284, 0.3899598909638815, 0.5082140714975226
-0.8187183650973129, 0.26724259430590547, 0.5082141285855122
-0.8528891804880544, 0.13744211883072904, 0.5036760665007448
-0.866025403782407, -1.6183770411543977e-06, 0.5000000000007958
-0.8528816188747622, -0.13748599572069428, 0.5036769144538426
-0.8187045211168291, -0.2672842216079522, 0.5082145484443054
-0.7679131895370562, -0.38990672866375053, 0.5082145753511058
-0.7003297974077539, -0.5058128949783227, 0.503677887638152
-0.6123711042509207, -0.6123737671368373, 0.5000000000010488
-0.5057761292620371, -0.7003557460032745, 0.5036787548411729
-0.38986711864915996, -0.7679330253143078, 0.508215003973832
-0.26734033661085593, -0.8186859032364937, 0.5082150450749999
-0.13764762557556198, -0.8528539313694911, 0.5036797622706447
-0.0, -0.8660254037844384, 0.5000000000000006
-1.2477583663982771e-15, -0.8660254037844382, 0.5000000000000006
0.13769045354528014, -0.8528465410065336, 0.503680535579656
0.26738100527405084, -0.818672374806375, 0.5082154352271496
0.38981245139184756, -0.7679604235778533, 0.5082155299289671
0.5056395345144562, -0.7004522597129934, 0.5036816593569696
0.6123717931599887, -0.6123730782307202, 0.5000000000002475
0.7004764266947614, -0.5056053223969262, 0.5036823691259732
0.7679789261244329, -0.38977551961044204, 0.5082158844512191
0.8186523742031424, -0.2674411291806621, 0.5082159994949347
0.8528175756765523, -0.13785844949764822, 0.5036835267589423
0.8660254037834524, -1.1361028001784584e-06, 0.5000000000003783
0.8528105457084652, 0.1378993368477261, 0.5036842203966858
0.8186394662456095, 0.26747996395443774, 0.5082163462035115
0.7680074625192328, 0.3897185282274001, 0.5082164563189377
0.7005748063144458, 0.5054659478751414, 0.5036853652893638
0.6123725798991266, 0.6123722914915554, 0.5000000000002458
0.5054311211435312, 0.7005993948290554, 0.5036861051426338
0.38968105458406654, 0.7680262317569797, 0.5082168231475019
0.2675396255427406, 0.818619623002109, 0.5082169005177763
0.13806685041275968, 0.8527816702546327, 0.5036871917666467
0.0, 0.8660254037844385, 0.5000000000000002
0.0, 0.8660254037844385, 0.5000000000000002
-0.13810955062598707, 0.8527743032267107, 0.5036879598331002
-0.2675802291839595, 0.8186061134343026, 0.5082172852881002
-0.3896256134022494, 0.76805400485414, 0.5082173598143452
-0.5052929037589213, 0.7006969802963204, 0.5036890446662194
-0.6123724362935933, 0.6123724350979719, 0.5000000000000071
-0.7007222100826166, 0.5052571432107477, 0.5036898302401502
-0.7680733245187551, 0.3895870221353645, 0.5082177520194036
-0.8185866899742785, 0.2676386563682692, 0.5082178130433282
-0.8527456928707654, 0.13827563927324346, 0.5036908726964472
-0.8660254037822459, -1.7165668936282095e-06, 0.5000000000008497
-0.8527379308520915, -0.1383204582865044, 0.5036917277603605
-0.818572627168325, -0.26768088558653086, 0.5082182328047419
-0.7681004207808152, -0.389532956108957, 0.5082182574520407
-0.7008188682722264, -0.5051202778995988, 0.5036927035787786
-0.6123709589553794, -0.6123739124316355, 0.5000000000012395
-0.5050825339733249, -0.7008454573801219, 0.5036935862114074
-0.38949255536550403, -0.7681206306760797, 0.5082186907623724
-0.2677376493145942, -0.8185537701150445, 0.5082187247430031
-0.13848529677461616, -0.8527095538838593, 0.5036945893023234
-0.0, -0.8660254037844387, 0.49999999999999983
-1.2595795278763341e-15, -0.8660254037844388, 0.49999999999999983
0.13852928267894626, -0.8527019225521137, 0.5036953771879202
0.2677792594845859, -0.8185399073497439, 0.5082191218061588
0.38943736383382027, -0.7681482661017204, 0.5082192093276209
0.5049432952039458, -0.7009436685199604, 0.5036964956178996
0.6123720593978874, -0.6123728119931231, 0.500000000000163
0.7009687730962416, -0.5049076744407222, 0.503697240530475
0.7681673795860291, -0.38939916215775405, 0.5082195789287447
0.8185197964114739, -0.2678396458476724, 0.5082196725430221
0.8526723209394, -0.13870014698374492, 0.5036983632370235
0.8660254037838104, -2.7023792991272906e-07, 0.5000000000002356
0.852664837890422, 0.13874333629340485, 0.5036991184184295
0.818506241124145, 0.2678803434120073, 0.5082200458025896
0.7681957926326786, 0.3893423763653815, 0.5082201266091981
0.7010684143056183, 0.5047662838863392, 0.5037002089585263
0.6123716463187998, 0.612373225071419, 0.5000000000003659
0.5047293165743763, 0.7010944409727351, 0.5037010197468786
0.38930307382996515, 0.7682154474116971, 0.50822052122555
0.26793976277626524, 0.8184864597378507, 0.5082205757057202
0.1389133509535639, 0.852635395368043, 0.5037020695839451
0.0, 0.8660254037844389, 0.4999999999999998
0.0, 0.8660254037844388, 0.4999999999999997
-0.13895709778918922, 0.8526278084114639, 0.5037028476562956
-0.2679811376496415, 0.818472673880533, 0.5082209635482758
-0.38924695673149473, 0.7682435314133604, 0.5082210537188347
-0.5045882917739836, 0.7011938312314338, 0.5037039702827102
-0.6123718647528337, 0.6123730066377986, 0.5000000000002571
-0.7012188666256138, 0.5045527732363307, 0.5037047102089494
-0.7682626042771081, 0.38920883824775254, 0.508221421422865
-0.818452518575538, 0.26804165348972575, 0.5082215170853763
-0.8525982198871264, 0.13912788954902378, 0.503705830732338
-0.866025403783871, -6.790602732786925e-07, 0.5000000000002239
-0.8525906449680496, -0.13917157334259342, 0.5037066062138419
-0.8184388918449812, -0.26808256162233585, 0.5082218948678737
-0.7682909661333244, -0.38915215597724034, 0.5082219667576344
-0.7013185135092441, -0.5044113736842006, 0.5037076790647389
-0.6123716236731938, -0.6123732477169114, 0.5000000000003989
-0.5043744151402513, -0.7013445337969889, 0.5037084894153989
-0.3891128214047151, -0.7683106365448757, 0.5082223621047881
-0.26814180554143463, -0.8184191703242703, 0.5082224209877175
-0.1393412540548382, -0.8525612649782908, 0.5037095436628551
-0.0, -0.8660254037844392, 0.4999999999999991
-1.2717301704927231e-15, -0.8660254037844393, 0.4999999999999991
0.13938588236719188, -0.852553486906139, 0.5037103234997096
0.2681834113818265, -0.8184052946620267, 0.5082228041383607
0.3890559134174153, -0.7683390942040773, 0.5082228997554965
0.5042314462425412, -0.7014451767499941, 0.50371145151778
0.6123728651608109, -0.6123720062303526, 0.50000000000012
0.7014711533870914, -0.5041945070316465, 0.503712225600785
0.7683586000726186, -0.38901688362245146, 0.5082232739353334
0.8183848722094317, -0.2682446483394781, 0.5082233533986701
0.8525231460267926, -0.13956012515514804, 0.503713320227076
0.8660254037837095, 9.083561280974895e-07, 0.5000000000002714
0.8525152934347348, 0.13960515104326143, 0.5037141163915443
0.8183708962811747, 0.26828653913743816, 0.5082237383509336
0.7683872245617258, 0.3889596213326889, 0.5082238122942129
0.7015725874379557, 0.5040503122573303, 0.5037151994545018
0.612371772794883, 0.6123730985954114, 0.5000000000003431
0.5040128893527607, 0.7015988950459757, 0.5037159971948523
0.3889200828716548, 0.7684069804804254, 0.5082241980339826
0.2683471948573013, 0.818350671958604, 0.5082242750870396
0.1397788564492646, 0.8524850532688097, 0.5037170910516761
0.0, 0.8660254037844393, 0.49999999999999906
0.0, 0.8660254037844393, 0.499999999999999
-0.1398228649147928, 0.8524773919530838, 0.5037178454284226
-0.2683883273156485, 0.8183369548219753, 0.5082246436858416
-0.38886216584416866, 0.768435926509877, 0.5082247512813081
-0.5038680799472635, 0.7017007490761049, 0.5037190010980046
-0.6123720981621226, 0.6123727732289482, 0.50000000000014
-0.7017259461602171, 0.5038322817027733, 0.5037197194022285
-0.7684549061596564, 0.3888242077369314, 0.5082251010897114
-0.8183161697404823, 0.268450626507132, 0.5082252158595572
-0.8524468522077355, 0.13999816354071445, 0.503720885526592
-0.8660254037843393, 1.861535088958199e-07, 0.5000000000000429
-0.8524392576302617, -0.14004181691410195, 0.5037216253158848
-0.8183026420327415, -0.26849120373823965, 0.5082255724864092
-0.7684841591261571, -0.38876566587455175, 0.5082256685424572
-0.7018282208276849, -0.5036868569505163, 0.5037227533911429
-0.6123723715299945, -0.6123724998614811, 0.5000000000000309
-0.5036501178252372, -0.7018540605379213, 0.503723517685473
-0.38872689450424547, -0.7685035380641433, 0.5082260368463862
-0.2685527440986174, -0.8182821160227475, 0.5082261282905611
-0.1402164033361264, -0.8524088521134662, 0.5037246361595625
-0.0, -0.8660254037844395, 0.49999999999999856
-1.2842242655179927e-15, -0.8660254037844395, 0.49999999999999856
0.14026100040927458, -0.8524010529606132, 0.5037253787304431
0.2685939184996676, -0.8182683732995716, 0.5082264878082603
0.3886681659921119, -0.7685328667806812, 0.5082265953409122
0.5035032196905499, -0.7019572594670048, 0.5037265365681107
0.6123725629520805, -0.6123723084394689, 0.5000000000000162
0.7019832758266945, -0.5034661755636782, 0.5037272788677759
0.7685522779047513, -0.3886292983087345, 0.5082269510884244
0.8182473237309066, -0.26865692690360377, 0.5082270548326745
0.8523697443135109, -0.14043979058211079, 0.5037284287343833
0.8660254037843973, 2.474266111168026e-07, 0.5000000000000103
0.8523619290727491, 0.14048447380610096, 0.5037291748425423
0.8182335375326142, 0.2686982193312318, 0.5082274123708914
0.7685819081258325, 0.38856994001848244, 0.5082275163022487
0.7020875060843152, 0.5033176935909903, 0.5037303249444629
0.6123722891981814, 0.6123725821933677, 0.5000000000000061
0.5032806575640564, 0.7021135171403927, 0.5037310668529653
0.3885310850879724, 0.7686013131200646, 0.5082278717556925
0.2687611963553813, 0.8182124985679379, 0.5082279787239078
0.14066319785242018, 0.8523306327184252, 0.5037322221335574
0.0, 0.8660254037844396, 0.49999999999999833
0.0, 0.8660254037844396, 0.49999999999999833
-0.140707557693734, 0.8523228788316068, 0.5037329549537028
-0.2688022168207118, 0.8181988054404776, 0.5082283303848045
-0.38847148036234824, 0.7686310641070864, 0.5082284425810487
-0.5031319965584051, 0.7022178692788529, 0.5037341216732232
-0.6123724945253207, 0.612372376866241, 0.5000000000000088
-0.702243719116519, 0.5030951972040891, 0.5037348520209666
-0.7686503488716063, 0.38843287073258437, 0.5082287924493427
-0.8181776830589483, 0.26886543764353843, 0.5082289020055875
-0.8522915371368918, 0.140886520843484, 0.5037360120680261
-0.8660254037843982, -5.599295053444594e-08, 0.5000000000000191
-0.8522836073594244, -0.14093180826196472, 0.503736782997348
-0.8181637306394455, -0.2689072161766348, 0.508229270041794
-0.7686798129132161, -0.3883738512671019, 0.5082293499517603
-0.7023477597882416, -0.5029469933939102, 0.503737884506745
-0.6123719308894068, -0.6123729405015926, 0.5000000000001544
-0.5029092359408327, -0.702374262428809, 0.5037386616572859
-0.38833428224216027, -0.7686995680965526, 0.5082297216582603
-0.26896944215988544, -0.8181429484790013, 0.5082298201754157
-0.14110976245582926, -0.8522524568365549, 0.5037397986616855
-0.0, -0.86602540378444, 0.49999999999999784
-1.2970765854174423e-15, -0.8660254037844399, 0.4999999999999977
0.14115522814491838, -0.8522444656928314, 0.5037405392972725
0.2690110486756768, -0.8181290436394795, 0.5082301741698791
0.3882743202859098, -0.7687294776585967, 0.5082302870091263
0.5027587611132017, -0.7024797644585307, 0.503741714157337
0.6123725318356434, -0.6123723395559127, 0.5000000000000138
0.7025062006074811, -0.5027210533593836, 0.5037424503073205
0.7687490677933725, -0.38823505654650003, 0.5082306364859845
0.8181075396214373, -0.26907531737232004, 0.5082307473139045
0.8522122532699814, -0.14133817135670876, 0.5037436207026444
0.8660254037844093, 1.5514182643609354e-07, 0.5000000000000051
0.8522042802969327, 0.14138354346260473, 0.503744357487861
0.8180936221527101, 0.2691169515834112, 0.5082310971789143
0.7687792840204132, 0.3881744527335266, 0.5082312085711128
0.7026127402795341, 0.5025689783636147, 0.5037455286319136
0.6123724049942054, 0.6123724663973409, 0.5000000000000053
0.5025309929629086, 0.7026393653674694, 0.5037462783360649
0.3881349391033977, 0.7687989966367208, 0.5082315637368747
0.2691809861583357, 0.8180721981997803, 0.508231665265958
0.14156626804962374, 0.8521721092567045, 0.5037474299106457
0.0, 0.8660254037844402, 0.49999999999999756
0.0, 0.8660254037844402, 0.49999999999999756
-0.14161168631873294, 0.8521641275506364, 0.5037481685919809
-0.2692227912836979, 0.8180582222243697, 0.5082320188255744
-0.3880746094595511, 0.7688290785825367, 0.5082321295765919
-0.5023793054494843, 0.7027456416138284, 0.5037493377454663
-0.612372615363352, 0.6123722560281655, 0.5000000000000204
-0.7027726382697412, 0.5023407733664418, 0.5037501141358811
-0.7688490510171173, 0.38803456521290464, 0.5082324968319715
-0.8180369580302999, 0.2692863595144803, 0.5082325768251751
-0.8521320486683585, 0.14179392763263182, 0.5037512211484934
-0.8660254037837066, -9.163539453905517e-07, 0.5000000000002689
-0.8521237935564683, -0.14184078024636834, 0.5037520187824431
-0.8180225967701863, -0.269329289329194, 0.5082329547115567
-0.7688786719289, -0.38797517707362117, 0.5082330412211159
-0.7028784142468494, -0.5021898217426106, 0.5037531376224949
-0.6123721310959788, -0.6123727402954026, 0.5000000000000542
-0.5021507938214297, -0.7029057481401971, 0.5037539382233667
-0.3879346613869868, -0.7688988753252874, 0.508233419214513
-0.2693923821024671, -0.8180014953303658, 0.5082335024348428
-0.14202256321480283, -0.8520918017484711, 0.5037550525115768
-0.0, -0.8660254037844404, 0.49999999999999706
-1.310302762846483e-15, -0.8660254037844404, 0.4999999999999971
0.1420691489692411, -0.8520835685310363, 0.5037557998295452
0.2694348304297897, -0.8179872873678349, 0.5082338592434718
0.387874016370885, -0.7689290946401838, 0.5082339782083064
0.5019972769426672, -0.7030131782738162, 0.5037569920215802
0.6123724670734202, -0.6123724043180776, 0.5000000000000271
0.7030401764329324, -0.5019586919734119, 0.5037577306475711
0.7689489719445, -0.3878341338224209, 0.5082343259523356
0.8179654037454428, -0.2695001370955326, 0.5082344330269002
0.8520504805304138, -0.14225604722066246, 0.5037588985018648
0.8660254037839417, 3.7416533181313477e-07, 0.5000000000001722
0.8520421487935388, 0.14230314405267808, 0.5037596668374619
0.817951050793722, 0.26954299711352236, 0.5082347938450126
0.7689794050010879, 0.3877730365396627, 0.50823488706543
0.703148620162199, 0.5018036048943924, 0.5037608065573845
0.6123721492000864, 0.6123727221907478, 0.5000000000001852
0.5017636121963588, 0.7031765736098685, 0.5037616138771022
0.3877318952226999, 0.7689998980666762, 0.5082352635133117
0.2696072369459582, 0.8179295331076009, 0.5082353445303563
0.14248917378338272, 0.8520092270035651, 0.5037627298201686
0.0, 0.8660254037844406, 0.4999999999999968
0.0, 0.8660254037844406, 0.4999999999999967
-0.14253586772014445, 0.8520009734387235, 0.5037634815804448
-0.2696502592646879, 0.8179151248995866, 0.5082357088393963
-0.3876714267877679, 0.769030023206376, 0.5082358102990312
-0.5016095290210558, 0.7032843356347289, 0.5037646407932506
-0.6123729921970498, 0.6123718791937646, 0.5000000000001993
-0.7033126844546965, 0.5015689537272796, 0.5037654765374662
-0.7690508276549808, 0.38762964896665875, 0.508236201257757
-0.8178938149159074, 0.26971389344012425, 0.5082362464098263
-0.8519681854192263, 0.1427211983941264, 0.5037665158093496
-0.8660254037809615, -2.1188411570751094e-06, 0.500000000001252
-0.8519593837403486, -0.14277074849454302, 0.5037673850050783
-0.8178786750686816, -0.26975904709066933, 0.5082366569021959
-0.7690801728816826, -0.38757077579478605, 0.5082367116513289
-0.7034196908299547, -0.501415985178618, 0.5037684490789451
-0.6123713203620417, -0.6123735510268244, 0.5000000000006933
-0.5013754703524554, -0.7034479985309824, 0.503769281878616
-0.3875289435892208, -0.7691010039209631, 0.5082371038528589
-0.26982239836491234, -0.8178574621578533, 0.5082371883478272
-0.14295582321040698, -0.8519266446709014, 0.503770408728038
-0.0, -0.8660254037844408, 0.49999999999999617
-1.323919351866088e-15, -0.8660254037844409, 0.49999999999999617
0.1430035650094055, -0.8519181598074158, 0.5037711624031482
0.2698658598659246, -0.8178428911947713, 0.5082375511579049
0.3874677433855989, -0.7691314693720901, 0.5082376528566463
0.5012188807505567, -0.7035573667665864, 0.50377233195195
0.612372960559073, -0.6123719108319439, 0.5000000000001481
0.7035861275539775, -0.5011776440413584, 0.5037731577447907
0.7691524452379238, -0.38742558095918145, 0.5082380361922811
0.8178211029437327, -0.26993081617474, 0.5082380948189539
0.8518843756941373, -0.1431934280603015, 0.5037742313349584
0.8660254037828707, 1.458131450808588e-06, 0.5000000000005552
0.8518753566723991, 0.14324394966314477, 0.5037750993129488
0.8178057895425415, 0.26997642908818875, 0.5082384991258975
0.7691824431207666, 0.3873653206335753, 0.5082385552705037
0.703695676374357, 0.5010207051983024, 0.5037761679713364
0.6123716048065416, 0.6123732665835971, 0.5000000000003594
0.500979203664169, 0.7037246166648211, 0.5037770066839788
0.3873228125422198, 0.7692035879909849, 0.5082389464919395
0.27004078251694297, 0.8177842082527225, 0.508239029724676
0.14343293693741105, 0.8518417405966303, 0.503778132245406
0.0, 0.866025403784441, 0.499999999999996
0.0, 0.866025403784441, 0.4999999999999959
-0.14348058741105185, 0.8518332739422014, 0.5037788821562705
-0.2700844584664124, 0.8177695602882039, 0.5082393920298829
-0.3872613189827496, 0.7692341884394678, 0.5082394937178154
-0.5008215600405815, 0.7038346429330582, 0.5037800512849924
-0.6123730352009062, 0.6123718361899184, 0.5000000000001955
-0.7038636745151763, 0.5007799218948721, 0.5037808966317037
-0.7692553390853938, 0.3872187981671598, 0.5082398852465277
-0.8177478581617639, 0.27014916459110516, 0.5082399302545044
-0.8517995429960028, 0.1436701757612367, 0.5037819397840548
-0.8660254037811381, -2.1263573629656597e-06, 0.5000000000011732
-0.8517905394363696, -0.14372060909009177, 0.5037828041540504
-0.8177325260405666, -0.27019483010793144, 0.5082403357418163
-0.7692852208174543, -0.3871587769887475, 0.5082403988376001
-0.7039730151220287, -0.5006232930327336, 0.503783891773705
-0.6123714331685671, -0.612373438220947, 0.5000000000005222
-0.5005823185123767, -0.7040015974301753, 0.5037847047659421
-0.38711670424579075, -0.7693061526134708, 0.5082407801379636
-0.2702595835345595, -0.817710807658956, 0.5082408749948967
-0.14391012057055586, -0.851756823181249, 0.5037858586359433
-0.0, -0.8660254037844414, 0.49999999999999545
-1.3379439002537577e-15, -0.8660254037844414, 0.4999999999999955
0.14395872117180347, -0.8517481413029178, 0.503786604533681
0.2703034237034449, -0.8176960906837304, 0.508241229492841
0.3870540431637758, -0.7693373053817615, 0.5082413390860199
0.5004216011224736, -0.7041136062536975, 0.5037877956917609
0.6123729878899382, -0.6123718835009992, 0.5000000000001651
0.7041423741782685, -0.5003802954626666, 0.5037885806193302
0.7693582248391451, -0.38701196028223, 0.5082417036225428
0.8176736950343402, -0.27037007385010847, 0.5082417865812822
0.8517132897027112, -0.14415343113949178, 0.5037897144556387
0.8660254037832523, 1.2698825468578435e-06, 0.5000000000004101
0.8517042211814853, 0.14420402713973443, 0.5037905424425866
0.8176584240531295, 0.27041551238798345, 0.508242170443538
0.7693891260257748, 0.38694979799025203, 0.5082422423635963
0.7042548824123095, 0.5002187537802443, 0.5037916523927252
0.6123715183686336, 0.6123733530210501, 0.5000000000004633
0.5001770555233545, 0.7042839153564713, 0.5037924564627309
0.38690730581200194, 0.769410245120388, 0.5082426162595143
0.27048157097953707, 0.8176362320661533, 0.5082427146805957
0.14439804460588837, 0.8516695037171619, 0.5037936238920253
0.0, 0.8660254037844415, 0.4999999999999951
0.0, 0.8660254037844415, 0.49999999999999506
-0.14444644056742245, 0.8516608622439151, 0.503794361360308
-0.2705254198407474, 0.8176215087062918, 0.5082430639795255
-0.3868439481241477, 0.769441729071045, 0.5082431823434972
-0.5000146258507716, 0.7043970225312689, 0.5037955715058084
-0.612372659791683, 0.6123722115997026, 0.5000000000000536
-0.7044254168172196, 0.4999738756970016, 0.5037963293909798
-0.7694623515428829, 0.386802475412658, 0.5082435329029691
-0.8175988624130064, 0.2705927962955588, 0.5082436368896458
-0.8516258450838144, 0.14464199860683302, 0.5037975061968502
-0.8660254037837634, -4.879066841131607e-07, 0.5000000000002336
-0.851617168843835, -0.14469057903234653, 0.5037982512400212
-0.8175841702258476, -0.2706365560332517, 0.5082439842200843
-0.7694939101472448, -0.38673896365429405, 0.50824410253137
-0.7045387371061649, -0.4998111286674862, 0.5037994598791368
-0.6123725542024664, -0.6123723171888241, 0.5000000000000746
-0.49977005349907766, -0.7045673500977581, 0.5038002335856797
-0.38669727767066026, -0.7695146364803432, 0.5082444579735046
-0.2707037957806831, -0.8175615709953726, 0.5082445541595779
-0.14488595941337276, -0.8515821859565739, 0.5038013887697114
-0.0, -0.8660254037844417, 0.49999999999999456
-1.3523950225429982e-15, -0.8660254037844417, 0.49999999999999456
0.14493545406107303, -0.8515732980363586, 0.5038021263131285
0.2707480533387085, -0.8175466941546475, 0.508244900576624
0.3866334759197499, -0.7695463183202699, 0.508245018810323
0.4996055651203271, -0.7046817441529634, 0.5038033406982555
0.6123726669607178, -0.6123722044307095, 0.5000000000000404
0.7047113466875845, -0.49956296453726073, 0.5038041424585458
0.7695675968364046, -0.3865906211597698, 0.5082453833510163
0.8175238438579001, -0.2708159463454143, 0.5082454606125808
0.85153740274729, -0.14513481886187768, 0.5038052623658731
0.8660254037830584, 9.156794360958083e-07, 0.5000000000004731
0.8515279341782913, 0.14518730066092125, 0.5038061228208702
0.8175081414238707, 0.27086258861125323, 0.5082458532850177
0.7695988059313081, 0.3865277709173397, 0.5082459133023796
0.7048259300214974, 0.4993981037941328, 0.503807205751121
0.6123716248041845, 0.6123732465853702, 0.5000000000004916
0.4993549552992863, 0.7048559012604945, 0.5038080341873933
0.38648416156970783, 0.7696204519806527, 0.5082462951184519
0.2709292367021864, 0.8174857203466762, 0.5082463862288649
0.14538492928531543, 0.8514923768518523, 0.5038091874244262
0.0, 0.8660254037844419, 0.49999999999999417
0.0, 0.866025403784442, 0.49999999999999417
-0.14543426380230307, 0.8514835211185356, 0.5038099183606214
-0.2709736729394899, 0.8174707784435973, 0.5082467308989226
-0.3864198155600419, 0.7696523900894061, 0.5082468592919989
-0.4991889359813342, 0.7049712663180785, 0.5038111539414378
-0.6123726009772537, 0.6123722704142659, 0.5000000000000194
-0.7049997229459888, 0.4991480363631805, 0.5038118728462182
-0.7696729638521262, 0.38637840790955774, 0.5082471906978694
-0.8174475188388701, 0.2710427521063661, 0.508247316771488
-0.8514474109153387, 0.1456347288716484, 0.5038130997018663
-0.8660254037844048, -2.1813975521175353e-07, 0.5000000000000018
-0.8514382540449213, -0.14568560353304286, 0.5038138940352139
-0.8174322858332347, -0.27108803155152367, 0.5082476798162383
-0.7697048280725812, -0.38631421375624914, 0.5082477513891835
-0.7051152857168345, -0.4989817236270415, 0.5038150068820099
-0.6123714659106416, -0.612373405478706, 0.5000000000005472
-0.4989391818153687, -0.7051448477648015, 0.5038158057687597
-0.38627125416902847, -0.7697261574309268, 0.50824811834154
-0.27115538636295305, -0.8174096213479627, 0.5082482281235567
-0.14588414522456683, -0.8514025196717345, 0.5038169962086624
-0.0, -0.8660254037844424, 0.49999999999999384
-1.366561770606768e-15, -0.8655735219472237, 0.500754292711867
0.14579148810358447, -0.8505727499484534, 0.5051955927939742
0.2708267664319225, -0.8162748848846374, 0.5101802878418026
0.3855070192805833, -0.7683623696052387, 0.510804077378841
0.4975971438734586, -0.7035954934089356, 0.5071899159369563
0.6105861543113486, -0.6105864425365504, 0.5042164296306122
0.7029430565057331, -0.4970761861323032, 0.5085685102947353
0.7669385583552559, -0.3847425677233215, 0.513447978707803
0.8139955931546565, -0.2701460080970777, 0.5140717648628818
0.8473405254792937, -0.1454408343869126, 0.5105628203242714
0.8614253301307057, -1.1892339995907259e-07, 0.5076785605103464
0.8465104030259972, 0.145349962154139, 0.5119414920678013
0.8124477184627841, 0.26968134089657253, 0.5167156943218356
0.7648449138198856, 0.383613418154656, 0.5173394250459624
0.7004088864499223, 0.4950396441776579, 0.5139356837260007
0.6076524135736182, 0.6076537748913212, 0.5111406729445516
0.49451635877386, 0.6997580280112596, 0.5153143725903895
0.3828468389835351, 0.7634221486269076, 0.5199833590726755
0.2689983256200258, 0.8101692172582116, 0.5206071053782477
0.1449967901959004, 0.8432786853490959, 0.5173085944689368
0.0, 0.8577290434993785, 0.5138484966260579
0.0, 0.8572771616621718, 0.5146027893379115
-0.14490414618247704, 0.8424489113833163, 0.5186871994651765
-0.26853268485250187, 0.8086216818196268, 0.5232510125540009
-0.38171754943079095, 0.7613285775054166, 0.523874797620412
-0.49248022186148255, 0.6972235927855138, 0.5206815104596985
-0.6047198742087619, 0.6047198974057382, 0.5180649262565753
-0.6965720218415132, 0.4919579763915393, 0.5220601684848006
-0.7599053244822321, 0.380951950017145, 0.5265187266141
-0.8063427381005548, 0.26785091929547306, 0.5271424660370285
-0.8392168983331106, 0.14455241643778224, 0.5240543787999664
-0.8531289698451304, -1.2719532079335426e-06, 0.5215270571364463
-0.8383863251521219, -0.14446385738652234, 0.5254331365117482
-0.8047941635324594, -0.26738828114562074, 0.5297864364160072
-0.7578107131570481, -0.37982478612382775, 0.530410130014351
-0.6940365436939887, -0.48992337690038845, 0.527427253779247
-0.6017851776746164, -0.6017881855542702, 0.5249891695710762
-0.4893997426591667, -0.69338592052541, 0.5288059565495962
-0.37905765607176745, -0.7563882163958673, 0.5330540753308931
-0.2667044205391185, -0.8025159538421673, 0.5336778308045171
-0.14410961428965235, -0.8351548159706718, 0.5308002001038443
-0.0, -0.8494326832143148, 0.5276969932521215
-1.3536290059349288e-15, -0.848138913897779, 0.5295966349952097
0.14374029239980618, -0.8328086682039714, 0.5342666689995987
0.26554290663588176, -0.7989073107398869, 0.5392550278130295
0.37665162377633277, -0.751718424983044, 0.540822191601827
0.4852216231428118, -0.6877553369734027, 0.5392720319366024
0.5955450621633803, -0.5955453976948256, 0.5382754237557409
0.6858362526035906, -0.4838222117942683, 0.5427385960893456
0.7476216575978494, -0.3745612603764026, 0.5474900292244044
0.7924751174495044, -0.26345952707002174, 0.549057133516643
0.8236854853679401, -0.1423142581284227, 0.5477438285149708
0.8363173792886188, 1.434851604627172e-06, 0.5469541965956969
0.8213384332370822, 0.14194953587803433, 0.5512104663512633
0.7880993342076659, 0.2620431957182988, 0.5557250008880918
0.741599044077544, 0.37148865205601744, 0.5572920774732167
0.6783751910111561, 0.4783819504481873, 0.5562156463742669
0.5871847528649918, 0.5871875935500082, 0.5556329218875253
0.4769817271840804, 0.6764566903591263, 0.5596822000288337
0.3693971448429446, 0.7375028626717836, 0.5639599002384491
0.2599578844181555, 0.7816678356666961, 0.5655270315150565
0.14052100517914756, 0.8122157704978739, 0.5646874912983577
0.0, 0.8257896798290352, 0.5624120197940367
0.0, 0.8244959116906557, 0.5643116598072376
-0.1401514884514838, 0.8098696524261959, 0.5681539728019172
-0.2585377086230452, 0.7772933868003673, 0.5721948202182725
-0.36632121138657814, 0.7314818967981747, 0.5737619730367036
-0.47153840094979926, 0.6689977368487923, 0.5731593157628241
-0.5788264725871862, 0.5788277768826305, 0.5729904028963109
-0.6670769656887785, 0.4701414808356193, 0.5766258042633695
-0.727384025115996, 0.36423312699782623, 0.5804297662762155
-0.7708604892435088, 0.25645647631654245, 0.581996908313522
-0.8007460480395642, 0.1387278876093335, 0.5816311245707761
-0.8126744237390999, 1.2213911742561093e-06, 0.5816691528987736
-0.7984002265305813, -0.13835666749559972, 0.585097616215073
-0.7664865578963534, -0.25503473148912265, 0.5886647083230304
-0.7213638061244803, -0.3611556618128137, 0.5902318603240877
-0.6596190994850687, -0.4646965611541832, 0.5901029536670988
-0.5704692110845924, -0.5704668808305757, 0.590347946827174
-0.46329920556256216, -0.6576985952915156, 0.5935694904799079
-0.3590672122666288, -0.717266088507155, 0.5968996918838235
-0.2529531942702072, -0.760053740190702, 0.5984668240555985
-0.136932521564234, -0.7892767016137932, 0.5985747846574492
-0.0, -0.8021466764146755, 0.5971270463786494
-1.2884362869686897e-15, -0.8005891248981709, 0.59903422365252
0.1364619893110522, -0.7864608021792205, 0.6020636986183142
0.25130652164573564, -0.755040187816078, 0.6051873936835153
0.35560581621314125, -0.7104374808724412, 0.6067696704910105
0.4572201745125756, -0.6492563500346006, 0.607097221760891
0.5610810320373392, -0.5610819687698972, 0.6077280408591055
0.646933105279064, -0.4555608276882224, 0.6105861747056457
0.7054981613948653, -0.3531144939438334, 0.6135144917738399
0.7473191691450577, -0.24876811246350528, 0.6150967441752822
0.7755176649072564, -0.1346461993685783, 0.6156196459274915
0.7863889697013594, 1.8560259336321985e-07, 0.6164219074543169
0.7727011696814482, 0.134178614081379, 0.6191086678755001
0.7420643244960622, 0.24703877058257107, 0.6218416098989537
0.6982427732940684, 0.3494515671032195, 0.6234238516226492
0.637909912532979, 0.4491086223668909, 0.6241421165293943
0.551039915417448, 0.551040994464871, 0.6251157583059591
0.4474482380015003, 0.6355873585557703, 0.6276311103551871
0.3469589332928058, 0.6933040840486913, 0.6301687023442524
0.2444983808733267, 0.7343439619945245, 0.6317509623742674
0.13236023370675748, 0.7617584965209148, 0.6326645941450437
0.0, 0.7737463910882052, 0.6319023832918287
0.0, 0.7721888390740987, 0.6338095611749983
-0.13188976910005976, 0.7589425697902257, 0.6361535296949091
-0.24276679784269195, 0.7290899114288258, 0.638495771067505
-0.3432942199335993, 0.6860496138344794, 0.6400780379561677
-0.4409943453473907, 0.6265653728550339, 0.6411870363431597
-0.540998531483875, 0.5410003964135421, 0.6425033814302492
-0.6242402202442834, 0.4393377337715929, 0.644675971051504
-0.6811091365674018, 0.34080522017103976, 0.6468228545136874
-0.7213682287788009, 0.24023037624140484, 0.6484051235306827
-0.7479990662790499, 0.1300760506924012, 0.6497094835740127
-0.7579887105346792, 1.8257305186109264e-06, 0.6511972123346936
-0.7451836677602883, -0.1296025085558633, 0.6531984280641311
-0.7161150208743648, -0.23849621781949598, 0.655149949948924
-0.673855873891554, -0.33713804353148513, 0.6567322169334407
-0.615219925442438, -0.43288137861925846, 0.6582319386992693
-0.5309594456585128, -0.5309574432748252, 0.6598910538885324
-0.43122469327829477, -0.6128947997298458, 0.6617209012298416
-0.33464903053010675, -0.6689153820762759, 0.6634770578098539
-0.23595978155997901, -0.7083933248851372, 0.6650593223069509
-0.1277886683735638, -0.7342401633982825, 0.6667544065757456
-0.0, -0.7453461057048891, 0.666677720274614
-1.2023040975681375e-15, -0.743466476650554, 0.6685830919094977
0.12719589177706342, -0.7308371191175858, 0.6702604397580652
0.233942950848131, -0.7023268995046759, 0.6718606365655029
0.33048885816872986, -0.6606361321643351, 0.6734613884569153
0.42396397545282494, -0.6026482198484016, 0.6753202791595507
0.5196463799352536, -0.519648486732689, 0.6772745468475507
0.5998218493472651, -0.4219780274750975, 0.6788263504882943
0.6546332551536217, -0.3274878902178697, 0.6802822120173638
0.6929685859036843, -0.2308338487089853, 0.6818829632394454
0.7176088185939498, -0.12490828574124355, 0.683886186139151
0.7263184730372255, -1.632101084238897e-06, 0.6859659471062699
0.7142058101784426, 0.1243152463651476, 0.6873922284488856
0.6866016878888059, 0.22871190622557203, 0.6887037633254078
0.645817310255555, 0.3230693982103287, 0.690304508528913
0.5888503763265714, 0.41424195891742666, 0.6924520558237992
0.5075225541239954, 0.5075213719421146, 0.6946574029969781
0.412253295911234, 0.586025904304072, 0.6959581366412229
0.32006608522018, 0.6398155983686721, 0.6971253393704523
0.2256006041972488, 0.6772441103591933, 0.6987260867026863
0.12202529746357316, 0.7009779255942026, 0.7010179669601682
0.0, 0.7110500964139832, 0.701443432765538
6.573300361705755e-18, 0.7091704686659299, 0.7033488030762496
-0.12143318875020268, 0.6975747491455473, 0.7045240148654253
-0.2234797169093154, 0.6708768635363066, 0.7055468839894543
-0.3156490904664234, 0.6309989225278143, 0.7071476195158459
-0.4045189038584612, 0.5750532776013704, 0.7095838211114149
-0.4953954768033947, 0.4953975738492683, 0.7120402124178595
-0.5722267170535521, 0.4025332014909935, 0.7130899034452378
-0.6249959268196283, 0.3126483681933836, 0.7139684379577738
-0.6615185081551969, 0.22037088838537533, 0.7155691642440053
-0.684346449144036, 0.11914600243169524, 0.718149690669163
-0.6920224900293042, 2.1838465666155464e-06, 0.7207316329531612
-0.6809438310454712, -0.11855031265352384, 0.7216557993534954
-0.6551522234495593, -0.21824698444285648, 0.7223900010212387
-0.6161807325696218, -0.30822839954530856, 0.7239907252768895
-0.5612561851369098, -0.3947958492030699, 0.7267155813228695
-0.4832725003326085, -0.4832695607604992, 0.729423103657096
-0.39280900998890167, -0.5584303783255444, 0.7302217022629991
-0.3052268362515835, -0.6101781141382554, 0.730811583194012
-0.21513766995842712, -0.6457939844376988, 0.7324123251996814
-0.11626270316736499, -0.6677155543301229, 0.7352815259190414
-0.0, -0.6767540871017963, 0.7362091452780346
-1.0913200214937954e-15, -0.6744526320450817, 0.7381035427807926
0.11551367405477506, -0.6635219979494507, 0.7388018222056204
0.21263208356692434, -0.6383129479041589, 0.7392993334142568
0.30012613032630486, -0.5999577437745462, 0.7409245524907813
0.38397316485280103, -0.5458121989876675, 0.7438916571213524
0.4694529835345705, -0.4694543773096777, 0.7467833455330959
0.5423175759642576, -0.38153705852544, 0.7474119570712767
0.5925135705276533, -0.2964213888565219, 0.7478264236529455
0.6267149332168396, -0.2087480515646919, 0.7494516506864268
0.6471997176407533, -0.11261093977151371, 0.752501813256711
0.6533628371184126, -3.2638543204821544e-07, 0.755463193027191
0.6430060658186122, 0.11186217282592138, 0.7560221484323854
0.6188314034952954, 0.2061039526543825, 0.7563535457493227
0.5815657647368568, 0.2909673932236411, 0.7579787699589473
0.5287227413348518, 0.3720489034881559, 0.7611119940699784
0.45454128120402093, 0.4545406200969818, 0.7641429873578509
0.3696125330005384, 0.525228316791391, 0.7646322847400013
0.287262312106775, 0.574121768557763, 0.76488063541246
0.20221935771088803, 0.6072335742985208, 0.7665058650375407
0.10895867735150486, 0.6266839104434736, 0.7697221462990668
0.0, 0.6345745586139135, 0.7709283952593966
5.891736648265544e-18, 0.632273103557101, 0.7728227927622351
-0.10820992172357088, 0.6224902914324275, 0.7732424499243669
-0.19957512139241657, 0.5993501240720189, 0.7734077321139827
-0.28180805649050744, 0.5631741455427901, 0.7750329438529029
-0.36012397178571787, 0.5116338470739433, 0.7783322709660618
-0.4396275275874105, 0.4396289720141985, 0.7815025955146422
-0.5081380794384087, 0.3576893971343563, 0.7818526116470509
-0.5557293369529955, 0.27810453538127555, 0.7819348311211602
-0.5877518411029867, 0.19569195266915937, 0.7835600366195892
-0.606167922565781, 0.10530789816516836, 0.7869424177523207
-0.6111833086293189, 1.2400697999828274e-06, 0.7901824430085298
-0.6019743041119077, -0.10455884104889063, 0.7904627638974966
-0.5798684493992008, -0.19304740360177766, 0.7904619395327259
-0.5447819770386935, -0.27264968171471404, 0.7920871667432036
-0.49454406319265903, -0.34820014624040596, 0.795552619808982
-0.4247154122680664, -0.4247156277905522, 0.798862237339472
-0.3457637935356804, -0.4910496099843391, 0.7990729183877945
-0.2689444858742256, -0.5373380328967483, 0.7989890347217827
-0.18916240582020769, -0.5682707572480149, 0.8006142578013757
-0.10165483110858345, -0.5856522377109541, 0.8041627644802001
-0.0, -0.5923950301260323, 0.8056476452407575
-9.489910310946294e-16, -0.5894705463614255, 0.8075208711941276
0.10067990756186769, -0.5802558458920964, 0.8076969859583522
0.1859310445911036, -0.558660969261278, 0.8076007169468327
0.26242001910118407, -0.5242168993258443, 0.8092605730828123
0.33456756494003914, -0.47495650391538435, 0.8128282452279347
0.40724753535710606, -0.4072484808120416, 0.8161904038062319
0.4704508110683089, -0.33144169523070055, 0.8163625130321486
0.5145630865537795, -0.25762800819245574, 0.816256175399909
0.5435968605075847, -0.1808679291017388, 0.8179160307771816
0.5591877402169285, -0.09688439556293871, 0.8214937670364386
0.5624007897590777, -5.777863313603932e-07, 0.8248599213306007
0.5537911657628616, 0.09591055915909565, 0.8250279834479933
0.5333817177957152, 0.17743144391525933, 0.8249116077397207
0.5003305505990783, 0.2505571216865089, 0.8265714881146469
0.4528691330738441, 0.3192287644230724, 0.8301592932610545
0.3881065258641136, 0.38810713102616634, 0.8335294278374319
0.316101039449063, 0.4483648674657636, 0.8336934939234985
0.24576329133288122, 0.49067771755914336, 0.8335670484879231
0.17236630924521337, 0.5183182864130558, 0.8352269203603764
0.09211281502425397, 0.5327234321823966, 0.8388247792708278
0.0, 0.5382556321618034, 0.8403256716992373
0.0, 0.535331147537456, 0.8421988982032989
-0.0911383789612831, 0.5273269573859464, 0.8423589937900502
-0.1689295910353098, 0.5081032413173584, 0.8422224828203932
-0.2386926192440308, 0.47644510855993394, 0.8438823431652109
-0.30388855587974195, 0.43078289862724867, 0.8474902646177316
-0.368965404750627, 0.3689659332683328, 0.850868433566889
-0.4262781182174581, 0.3007614669061887, 0.851024498730169
-0.4667918840496594, 0.2338994663713727, 0.8508779330176693
-0.4930394663036197, 0.1638654325796875, 0.8525378079216615
-0.506259000380793, 0.08734184354650461, 0.8561557996874514
-0.5082614345357586, -2.514355471664874e-07, 0.8595379204122551
-0.5008624285307026, -0.0863681970717974, 0.8596899881571811
-0.48282424674310376, -0.16042926853541348, 0.8595333636493104
-0.45255907989488775, -0.22682916961744062, 0.8611932326650653
-0.40869598462661993, -0.2885492029449914, 0.8648212767316581
-0.34982461013555305, -0.3498243987798752, 0.8682074439308625
-0.2854214072040382, -0.4041917401294327, 0.8683554871638258
-0.2220353574682663, -0.4429062094523676, 0.8681888066855753
-0.15536444081541753, -0.4677607042453042, 0.8698486846056213
-0.08257091269754459, -0.4797946130191388, 0.8734867907954358
-0.0, -0.4841162342193288, 0.8750036981437828
