5.6665766967299044e-14, 37.918385497665184, -0.11250104064686285
-5.929095967041809, 37.42257602097338, -0.12500046242794005
-11.701942294027004, 36.01118197001094, -0.13749920829777318
-17.170504657345358, 33.7016241837472, -0.14999860468897297
-22.195669591527416, 30.55328987403013, -0.1624997636736646
-26.66377527802921, 26.663795728239375, -0.17500092262668399
-30.485949934090378, 22.146642699128133, -0.18750036574919116
-33.55498302747649, 17.09567326181188, -0.19999913109379647
-35.776258748143725, 11.62584210597891, -0.2124985451030376
-37.09342930756008, 5.877444972731611, -0.2249997217113468
-37.49818835284238, 2.8230088202498083e-05, -0.23750089830141008
-37.01114947427108, -5.864468806844367, -0.25000035904969575
-35.61966094284906, -11.575042546888831, -0.2624991420159076
-33.33506545948239, -16.983349779925916, -0.2749985736513556
-30.216696261713487, -21.950407913536388, -0.2874997678973982
-26.366680456172627, -26.36664118461985, -0.30000096211042215
-21.90140170207079, -30.149340752028703, -0.3125004404766901
-16.90853454458839, -33.188415454489714, -0.3249992410643386
-11.498954561993314, -35.38473309182805, -0.33749868985671205
-5.812827343170312, -36.68200037029099, -0.34999989999985304
-3.5527136788004946e-15, -37.12001384776298, -0.34999989999985304
-3.0420050088846067e-15, -37.0779902510552, -0.3625010406468569
5.7998890359226944, -36.59971505417826, -0.3750004624279274
11.448178109351222, -35.22812812495805, -0.38749920829774287
16.796217389019628, -32.968494952371685, -0.39999860468891935
21.705156433415645, -29.880095171819583, -0.4124997636735898
26.069506185889097, -26.069566464835155, -0.42500092262659844
29.812721774395634, -21.65617483534745, -0.43750036574910417
32.821832854818716, -16.72142664945989, -0.4499991310937112
34.99319219337755, -11.372117614369122, -0.46249854510295285
36.2705617697412, -5.748281698747446, -0.47499972171126353
36.65779310619128, -6.498433179654063e-05, -0.4875008983013276
36.1882928629591, 5.73523285601708, -0.5000003590496086
34.83661357313953, 11.321258137290531, -0.5124991420158165
32.60194242875109, 16.609050460758553, -0.524998573651261
29.5435052980648, 21.459889692977896, -0.5374997678973065
25.772450509712307, 25.772372775538706, -0.5500009621103327
21.410927221135786, 29.476117477811933, -0.5625004404766196
16.534274163222562, 32.45527236605098, -0.5749992410642968
11.245208412173842, 34.60167347986321, -0.5874986898566977
5.683634505004562, 35.859137267794814, -0.5999998999998526
-4.440892098500626e-16, 36.27961860115301, -0.5999998999998526
4.973799150320702e-14, 36.2559318075948, -0.6125013341526679
-5.676292054233709, 35.81266922543843, -0.6250006034062131
-11.210914785428521, 34.49603202390887, -0.6374989885144124
-16.454417825792017, 32.29896515888325, -0.6499982207912374
-21.268040738335387, 29.28012734981676, -0.6624996830584686
-25.55303192110449, 25.553127354180788, -0.6750011454312526
-29.242016262481183, 21.240457529784866, -0.6875004479027585
-32.21588602568059, 16.412150361329758, -0.6999988638125982
-34.36300147868373, 11.16788956779099, -0.7124981243587376
-35.626768473678794, 5.6471593043092065, -0.7249996149074297
-36.01909147822974, 9.40241642742501e-05, -0.7375011055888986
-35.58032330301778, -5.63966268088414, -0.7500004363464341
-34.27438337420935, -11.138982782199104, -0.7624988805334227
-32.091418473282125, -16.348462303561046, -0.7749981693663635
-29.089994201244966, -21.12956509731938, -0.7874996882248693
-25.385660152309626, -25.385555539291875, -0.8000012071868552
-21.101991791908745, -29.05187544857133, -0.8125005662138742
-16.306202354208583, -32.008334961720436, -0.8249990386776151
-11.095963236292523, -34.14135038796138, -0.8374983552887536
-5.610534860305405, -35.39442098636735, -0.849999899999853
0.0, -35.80593707652404, -0.849999899999853
-1.3100606214905236e-15, -35.782250282965826, -0.8625013341526673
5.603183767778713, -35.347954202505974, -0.8750006034061968
11.0671575256984, -34.05270014019231, -0.8874989885143705
16.242571664533713, -31.883838167908372, -0.8999982207911642
20.991117540870093, -28.89984031695167, -0.9124996830583646
25.218076379273008, -25.218196059587804, -0.9250011454311062
28.86170875131384, -20.963561812879654, -0.9375004479026076
31.800745547297467, -16.20033024253272, -0.9499988638124555
33.91966144632426, -11.024157963653067, -0.9624981243586119
35.16204953309653, -5.574077807206026, -0.9749996149073173
35.54540995354137, -0.00011675250181653602, -0.987501105588801
35.11561092078644, 5.56653622198237, -1.0000004363463457
33.83105560008953, 10.995212584262267, -1.0124988805333415
31.67629557271873, 16.136608243122087, -1.0249981693662904
28.709709771559556, 20.852638409330023, -1.0374996882248035
25.050728725651943, 25.050600129527165, -1.0500012071868021
20.8250922866289, 28.671570766050664, -1.0625005662138236
16.094374005119626, 31.593198746829117, -1.074999038677564
10.952218469713694, 33.69801453515836, -1.087498355288736
5.537435215620076, 34.92970470493779, -1.0999998999998526
-8.881784197001252e-16, 35.33225555189509, -1.0999998999998526
4.973799150320701e-14, 35.314734045713834, -1.1125015025914633
-5.531957364554523, 34.895268212023616, -1.1250006845391236
-10.928930128082216, 33.62645099329289, -1.1374988568517108
-16.041618774438376, 31.49002979248301, -1.1499979955402821
-20.73213336890302, 28.544142881632173, -1.1624996324464525
-24.909277743768047, 24.90941868105596, -1.1750012694927716
-28.515829805056555, 20.711776915390235, -1.187500492012211
-31.428245094185375, 16.01029279387166, -1.199998702183567
-33.52757135010849, 10.897011397422137, -1.2124978758309495
-34.757475409467695, 5.5104000637587625, -1.2249995477134223
-35.13954184102827, 0.00013436041777431873, -1.237501219773615
-34.72307090679563, -5.5047053424066075, -1.2500004772756965
-33.461752714726394, -10.875408798694911, -1.262498722417075
-31.335787765040273, -15.96288342419418, -1.274997931048084
-28.403193422872583, -20.6295298824594, -1.287499637945761
-24.78554064161733, -24.78539588144048, -1.3000013449811512
-20.60917740610379, -28.374877079865527, -1.312500637442438
-15.931559924128578, -31.274001323451103, -1.3249989175532932
-10.84349192859863, -33.36287190151372, -1.3374981606618048
-5.483150587663653, -34.5852770011675, -1.3499998999998528
0.0, -34.98187035022063, -1.3499998999998528
-8.881784197001252e-16, -34.96434884403946, -1.3625015025914045
5.477667557070804, -34.55084124691651, -1.3750006845390104
10.822039136455903, -33.297005633198665, -1.3874988568515405
15.88424008906439, -31.181498069320956, -1.399997995540053
20.526966356130835, -28.262214352221445, -1.4124996324461683
24.661510851465632, -24.661666069056885, -1.425001269492439
28.233889148153978, -20.50662605129617, -1.4375004920118466
31.11970528470451, -15.852929660672775, -1.449998702183195
33.19812113441199, -10.790135779005414, -1.462497875830583
34.413046191951665, -5.456126087972688, -1.4749995477130617
34.789156639306235, -0.00014777922594137125, -1.4875012197732709
34.378645468876634, 5.4504047963254365, -1.500000477275368
33.132309778827896, 10.768510131510507, -1.512498722416773
31.027258488377207, 15.805500032957015, -1.5249979310478154
28.121266470107035, 20.42436076852848, -1.5374996379455286
24.537787994237156, 24.53762902452034, -1.5500013449809495
20.404024362108025, 28.092938061432818, -1.5625006374422732
15.774191996776738, 30.96546400772846, -1.5749989175531696
10.736608604215357, 33.033424118558095, -1.5874981606617284
5.428865959747677, 34.24084929739137, -1.5999998999998526
-8.881784197001252e-16, 34.6314851485462, -1.5999998999998526
4.9737991503207007e-14, 34.617558126581756, -1.6125015889457623
-5.424472614800396, 34.21342059857292, -1.6250007255582168
-10.718362510856888, 32.97749314580642, -1.6374987864403272
-15.733196454317593, 30.885361142307943, -1.6499978771084125
-20.33225022475027, 27.994605609288648, -1.6624996037965079
-24.428993782197242, 24.429161210861487, -1.6750013306456017
-27.97199840454592, 20.31610380956702, -1.6875005123015294
-30.83595710118837, 15.708233926261245, -1.6999986152587026
-32.89847078555434, 10.692900021480757, -1.7124977446080747
-34.10364818506308, 5.407322421601439, -1.7249995099982778
-34.478307070748144, 0.00015759684974691427, -1.7375012755931514
-34.07625657251896, -5.402676430926911, -1.750000495958517
-32.84590915511312, -10.675543053463446, -1.7624986376102234
-30.762111013499393, -15.670291434751409, -1.7749978056701754
-27.88229833755305, -20.25054516930186, -1.787499609807667
-24.3306956254768, -24.33052801113632, -1.800001414103352
-20.23439873386627, -27.859690890036376, -1.8125006731504714
-15.645327942883013, -30.712707068444097, -1.8249988534960644
-10.650079802060294, -32.76688652731616, -1.837498059763051
-5.385527152010666, -33.96648338288975, -1.8499998999998528
0.0, -34.352982339352046, -1.8499998999998528
-4.2188174918694744e-16, -34.33905531738763, -1.862501588945759
5.381131186704176, -33.939055052675805, -1.875000725558217
10.632901061334213, -32.71426828501902, -1.887498786440331
15.607493930412618, -30.638805176725583, -1.8999978771084192
20.16888684116561, -27.769956368348623, -1.912499603796523
24.232058865314205, -24.23223367779884, -1.9250013306456177
27.747342878349414, -20.152748764952452, -1.9375005123015372
30.589396884437654, -15.582539560612737, -1.9499986152587006
32.635243380498395, -10.607446602410903, -1.9624977446080583
33.82928150341232, -5.363989082846556, -1.9749995099982556
34.19980426152467, -0.00016446850380314587, -1.9875012755931147
33.80189180179723, 5.359329482221611, -2.000000495958479
32.582685503622685, 10.590077710769158, -2.0124986376101988
30.51555626014222, 15.54458658541413, -2.0249978056701767
27.657649858191583, 20.08718077540066, -2.037499609807694
24.133768027325253, 24.133593159343313, -2.050001414103409
20.07104253206023, 27.6350362364269, -2.062500673150548
15.519631088594661, 30.466148149167115, -2.0749988534961474
10.564622411180672, 32.503660371936206, -2.0874980597631176
5.34218834427817, 33.692117468387536, -2.099999899999853
-1.3322676295501878e-15, 34.07447953015792, -2.099999899999853
4.973799150320701e-14, 34.063061473544025, -2.1125016115950275
-5.338552408662138, 33.66957518484342, -2.125000736393307
-10.549676808311157, 32.4579586894344, -2.1374987678629114
-15.486202705291737, 30.40087772501184, -2.1499978459137794
-20.012812750452532, 27.555290954293614, -2.16249959618973
-24.045768375595628, 24.045948679310424, -2.175001346632419
-27.536666738765582, 19.99959634588439, -2.1875005175621105
-30.36009558340979, 15.465665245964765, -2.199998592158174
-32.392762945204765, 10.528701773947077, -2.2124977098984626
-33.57934287448208, 5.3244654233283395, -2.2249994998855858
-33.94889683301758, 0.00016812278311093172, -2.237501290084826
-33.55683990329903, -5.320561129056836, -2.2500005007333193
-32.34942794310028, -10.514309225111596, -2.262498615032631
-30.299201392178123, -15.43432305739257, -2.2749977724928954
-27.46295247032799, -19.945684951095227, -2.2874996022381313
-23.965220268288306, -23.965043078436253, -2.300001432147238
-19.932464905297152, -27.444330769725838, -2.3125006824856564
-15.413781417456875, -30.25842108048628, -2.324998836487541
-10.493330971782953, -32.28423281799428, -2.337498033165061
-5.306473578509657, -33.46660713408147, -2.349999899999853
0.0, -33.84614966254398, -2.349999899999853
0.0, -33.8347316059301, -2.362501611595022
5.3028372445140235, -33.44406490404943, -2.3750007363932846
10.479130409818769, -32.2408368582091, -2.387498767862874
15.382557502795727, -30.197465947507705, -2.39999784591373
19.878606659992347, -27.37057718783172, -2.4124995961896607
23.884314240033543, -23.884495619392673, -2.425001346632322
27.351952048650723, -19.86539146423864, -2.437500517562002
30.156683163216094, -15.362021267354137, -2.4499985921580576
32.175640733682364, -10.458156598046648, -2.4624977098983347
33.35383243243429, -5.288751464106248, -2.4749994998854583
33.720566965397275, -0.00016914487977882304, -2.4875012900846967
33.33132973271434, 5.284845143592887, -2.50000050073319
32.13230629804033, 10.443762229982623, -2.5124986150325133
30.095789810040504, 15.330677482767145, -2.5249977724927954
27.27823883401625, 19.811478689649437, -2.5374996022380385
23.803767215059146, 23.803588936185864, -2.5500014321471527
19.798259868088703, 27.259616198800984, -2.5625006824855725
15.310137083624094, 30.05500884717654, -2.5749988364874503
10.42278521641847, 32.0671107865177, -2.5874980331649953
5.270758812740233, 33.24109679977566, -2.599999899999853
-8.881784197001252e-16, 33.61781979493006, -2.599999899999853
4.973799150320701e-14, 33.608329000761735, -2.6125015802158162
-5.267706718898044, 33.2223038317139, -2.6250007214029
-10.410297705261936, 32.02901377514272, -2.637498793624394
-15.282292952593211, 30.000665136222135, -2.6499978891909084
-19.74999538793948, 27.19352370286942, -2.6624996067807194
-23.73103652233332, 23.731217403836734, -2.675001324529314
-27.177963456215622, 19.739017358073667, -2.6875005103321845
-29.9664942847254, 15.265136494826102, -2.6999986242158567
-31.9744157677656, 10.392749994907454, -2.7124977580683125
-33.14706768850479, 5.255957666875613, -2.7249995139645207
-33.51343404972495, 0.00016745430773530993, -2.737501270062516
-33.128313755057555, -5.252639241399293, -2.750000494179016
-31.93814588701565, -10.380643261094974, -2.762498646361683
-29.915516718822076, -15.238865783142085, -2.7749978185289264
-27.116505693446136, -19.69405752845711, -2.787499612776077
-23.66411348426952, -23.663938293953734, -2.8000014071792245
-19.683073041884832, -27.100950118964157, -2.8125006695821453
-15.221702692848979, -29.881349037851628, -2.8249988600631575
-10.36309039326428, -31.8835491959084, -2.8374980700413768
-5.240888311522124, -33.053077452088445, -2.849999899999853
0.0, -33.42802942266874, -2.849999899999853
2.331483275028288e-16, -33.41853862850045, -2.8625015802158016
5.237837726530651, -33.034284268491, -2.8750007214028734
10.351176318470191, -31.847218123064067, -2.887498793624356
15.195551781004482, -29.830309695315233, -2.8999978891908667
19.638168698760314, -27.03945123752137, -2.9124996067806834
23.596836547655577, -23.597013260066042, -2.925001324529278
27.023894530361062, -19.627185953625364, -2.9375005103321556
29.796141205696827, -15.178390780362992, -2.9499986242158487
31.79262153424775, -10.333624117342726, -2.96249775806833
32.959048783858094, -5.226084053829549, -2.9749995139645646
33.32364367747786, -0.00016354444202727031, -2.9875012700625883
32.94029374767401, 5.222773369890013, -3.0000004941790994
31.756349531802854, 10.321524100331406, -3.012498646361768
29.745160570413912, 15.152125972524217, -3.024997818529007
26.962432775464002, 19.582231442478875, -3.0374996127761595
23.529909358605796, 23.52973830116878, -3.05000140717931
19.571242281394717, 26.946880709465287, -3.062500669582226
15.134958384725591, 29.71099522751767, -3.0749988600632294
10.303966770778505, 31.70175425019916, -3.087498070041423
5.211017810312146, 32.86505810440012, -3.099999899999853
-1.3322676295501878e-15, 33.23823905040745, -3.099999899999853
4.9737991503207007e-14, 33.23032053774906, -3.1125015002755747
-5.208444719238326, 32.84932021181645, -3.125000683101974
-10.293449193635608, 31.669734920642227, -3.1374988582179584
-15.111562410727862, 29.665334239908294, -3.149997998330072
-19.53090246727905, 26.891620816722114, -3.1624996327775254
-23.469306883664128, 23.469478138547235, -3.175001267364777
-26.878565874936786, 19.52173758606596, -3.1875004910725067
-29.636549449348294, 15.0971469824443, -3.199998704249181
-31.623765488886374, 10.278678994014836, -3.2124978792044336
-32.78630705832472, 5.19858787518527, -3.224999548512435
-33.15114572577954, 0.00015741473319326333, -3.2375012179975453
-32.77060584187762, -5.195765241050955, -3.2500004765720654
-31.593240515600623, -10.268448413177666, -3.2624987246029926
-29.593634541783228, -15.075018807874962, -3.2749979344260494
-26.827085721354536, -19.484087266112503, -3.2874996386332915
-23.41348905781741, -23.413325551406174, -3.300001342977726
-19.474913682676977, -26.814037173126284, -3.3125006363956984
-15.060594823629645, -29.564853983536004, -3.3249989192803255
-10.253671521244568, -31.54727297110882, -3.337498163465172
-5.185905405627706, -32.707592798725244, -3.349999899999853
0.0, -33.079889069529955, -3.349999899999853
2.1094095334842124e-16, -33.07197055687157, -3.362501500275571
5.183335382680379, -32.69185446896639, -3.3750006831019626
10.243623246497572, -31.516690044847, -3.387498858217937
15.038580958228817, -29.521880121568984, -3.399997998330049
19.437317733284285, -26.762516700494146, -3.412499632777502
23.357340770207493, -23.357503561469162, -3.425001267364749
26.74946894763633, -19.428143282161457, -3.437500491072469
29.49310013501338, -15.02415629333473, -3.44999870424914
31.470723496799717, -10.2288439120378, -3.4624978792043968
32.628842649781056, -5.173469152602932, -3.474999548512401
32.99279574493165, -0.00014946882731154903, -3.4875012179975147
32.613139197624015, 5.170662252205942, -3.500000476572054
31.44019420818632, 10.218626999879007, -3.512498724603014
29.450178979425075, 15.002040132126675, -3.524997934426112
26.697980677880192, 19.390503767188424, -3.5374996386333972
23.301514509723972, 23.301359408964256, -3.550001342977874
19.38132067881959, 26.684939268572023, -3.5625006363958582
14.98760698379267, 29.421403186850007, -3.5749989192804748
10.203841014036023, 31.39422953518215, -3.5874981634652485
5.160793000892626, 32.550127493057765, -3.599999899999853
-8.881784197001252e-16, 32.92153908865247, -3.599999899999853
4.973799150320701e-14, 32.91432134582072, -3.6125013973004165
-5.158437886994675, 32.53574935953362, -3.6250006356424964
-10.194417600963, 31.36556401451903, -3.6374989445299026
-14.966824197830002, 29.380819669470196, -3.6499981439872013
-19.345764198855907, 26.636191795683906, -3.662499670803927
-23.248347714903552, 23.24850105515982, -3.675001197633444
-26.624263953390173, 19.337391405805437, -3.6875004713987867
-29.3544391323181, 14.953613631884227, -3.699998813068559
-31.323438672516943, 10.18086813787537, -3.712498042306952
-32.4781812914706, 5.149407761589319, -3.7249995989183162
-32.84215270147165, 0.0001398365063518126, -3.7375011555723514
-32.46383576070427, -5.1468317031036985, -3.7500004591373153
-31.29546286286002, -10.171494780627858, -3.7624988305968277
-29.315101286346042, -14.933348812317877, -3.7749980896356314
-26.577213089522587, -19.303014233263614, -3.7874996760726267
-23.197465405733723, -23.19732123875818, -3.8000012625202153
-19.294631180091656, -26.565292801618426, -3.812500595866414
-14.920128371628387, -29.288725704071453, -3.824998997115231
-10.157937584181706, -31.253339803350944, -3.8374982855010993
-5.137797834707168, -32.40626797924849, -3.849999899999853
0.0, -32.77720152135506, -3.849999899999853
2.3314816504132057e-16, -32.76998377852331, -3.8625013973004045
5.135446849086538, -32.391889251581595, -3.875000635642479
10.148727217807084, -31.225312120079245, -3.8874989445298826
14.899966633409498, -29.249334720647298, -3.8999981439871814
19.260304349783794, -26.518204644500287, -3.912499670803898
23.146291519674342, -23.146433105187473, -3.925001197633401
26.50628673313016, -19.251918249450412, -3.937500471398737
29.222960883264726, -14.886743157941087, -3.9499988130684924
31.183190819787427, -10.135164991589996, -3.962498042306869
32.33432307965464, -5.1264037174243136, -3.97499959891822
32.69781513421191, -0.00012882446732334567, -3.987501155572253
32.319974392996315, 5.123849436296821, -4.000000459137223
31.155208988833976, 10.125810648638836, -4.012498830596753
29.18361435971965, 14.866495058856097, -4.024998089635583
26.459224691907686, 19.21755604942012, -4.037499676072593
23.09539755019302, 23.095264949096283, -4.050001262520208
19.20915990246209, 26.447314174432545, -4.062500595866417
14.853261945610766, 29.157245353869605, -4.074998997115236
10.112240896247322, 31.11308990578613, -4.087498285501105
5.114802668487923, 32.26240846544422, -4.099999899999853
-4.440892098500626e-16, 32.63286395405765, -4.099999899999853
4.95603360638602e-14, 32.6256462730817, -4.11250129016302
-5.112455718425906, 32.248028801377124, -4.125000583756364
-10.103036632423247, 31.085060073810148, -4.137499026247902
-14.833108755515093, 29.11784960421563, -4.14999828504962
-19.174843612225903, 26.40021693488773, -4.162499701034423
-23.044234990818204, 23.044365554663404, -4.175001117015856
-26.388308051085684, 19.16644484145909, -4.187500441619418
-29.091481796508994, 14.819873257698344, -4.1999989126702095
-31.04294215386976, 10.089462546768104, -4.21249819726188
-32.19046277775824, 5.103400531681695, -4.224999639047235
-32.55347761008459, 0.00011906534434114503, -4.237501080853239
-32.176110961389725, -5.100865514555574, -4.250000431261297
-31.014954862311527, -10.080124859706213, -4.262498928108787
-29.052127306590855, -14.799639764375911, -4.27499823850564
-26.341234822771824, -19.13209498785073, -4.287499706116551
-22.993330659741382, -22.993207766841422, -4.300001173722131
-19.123687623493062, -26.329332270369598, -4.312500549920167
-14.78639602363971, -29.025763626405627, -4.3249990725640455
-10.066544359271667, -30.972838838385012, -4.337498408306322
-5.091807281116326, -32.11854512380739, -4.349999899999853
0.0, -32.48852638676024, -4.349999899999853
4.440892098500626e-16, -32.481308705784286, -4.362501290163012
5.089463705233989, -32.10416497243827, -4.375000583756348
10.05734500054026, -30.944807472812222, -4.387499026247877
14.766249812227365, -28.98636418832374, -4.399998285049583
19.08938025047667, -26.28222760709313, -4.41249970103436
22.94217757375948, -22.942298826511042, -4.425001117015777
26.270326614113287, -19.080970937138094, -4.437500441619309
28.960001584083003, -14.7530042847253, -4.449998912670072
30.90269268716513, -10.043761022391699, -4.46249819726172
32.04660043193475, -5.080398211894302, -4.474999639047049
32.409140042813135, -0.00011033146593007818, -4.487501080853039
32.03224612715092, 5.077880485110817, -4.5000004312611015
30.874700684032675, 10.03443820583999, -4.512498928108616
28.920640311150525, 14.73278386621307, -4.5249982385055025
26.223244482077693, 19.04663298066817, -4.537499706116436
22.891263965276806, 22.891150316094418, -4.5500011737220465
19.03821514936377, 26.211349762519717, -4.562500549920109
14.719530180113278, 28.894281789988366, -4.574999072564009
10.020847853881026, 30.832587781922737, -4.587498408306288
5.068811893755866, 31.974681782168933, -4.599999899999853
-8.881784197001252e-16, 32.344188819462836, -4.599999899999853
4.2632564145606005e-14, 32.33697120195974, -4.612501180224793
-5.066471627038983, 31.96030078724785, -4.6250005302956225
-10.011653250544276, 30.80455468966715, -4.637499107695608
-14.69939071424822, 28.85487851673899, -4.649998427276994
-19.003916228371097, 26.164237527684612, -4.66249972982253
-22.84012010591149, 22.84023221827573, -4.675001032350765
-26.15234398665317, 18.995496355836828, -4.687500409187223
-28.828520811931988, 14.686135328595464, -4.699999011103509
-30.762442627184914, 9.99805947377872, -4.712498352680618
-31.902736088230874, 5.0573958604007885, -4.724999677229994
-32.2648025211912, 0.00010189481505698227, -4.737501001780888
-31.88837902120737, -5.054894781228743, -4.750000400624239
-30.7344459231247, -9.988750883132344, -4.7624990245414205
-28.78915267650146, -14.665927382646451, -4.774998388126002
-26.105251965344635, -18.96116894541941, -4.787499734698928
-22.78919753799767, -22.7890926736598, -4.800001081252798
-18.952740949403236, -26.093364404112428, -4.812500502091821
-14.652664242485562, -28.762798861732357, -4.824999148009626
-9.975151039911042, -30.69233567742413, -4.837498533136831
-5.045816019642446, -31.830814543321754, -4.849999899999853
0.0, -32.199851252165416, -4.849999899999853
4.440892098500626e-16, -32.192633634662315, -4.862501180224822
5.043478914600497, -31.816433088257668, -4.875000530295685
9.965960930397708, -30.664301178977343, -4.8874991076957075
14.632531187612106, -28.72339219640185, -4.899998427277137
18.91845026450854, -26.046245247806716, -4.912499729822734
22.738062404298535, -22.738165774673604, -4.925001032351019
26.03435910453535, -18.91002048567235, -4.937500409187507
28.69703932956476, -14.619266463625141, -4.949999011103806
30.62219203580105, -9.952357958768989, -4.962498352680917
31.758869790569882, -5.034393484325278, -4.974999677230297
32.12046495391482, -9.370144179729821e-05, -4.9875010017812045
31.744510371435496, 5.031908622947112, -5.000000400624549
30.59419093173874, 9.943063227328121, -5.012499024541716
28.657664880329364, 14.59907070532155, -5.024998388126276
25.98725874124664, 18.875704247177367, -5.037499734699178
22.687131130308387, 22.68703493613358, -5.050001081253022
18.867266425621835, 25.9753785161428, -5.062500502092002
14.585798316786883, 28.631315856263157, -5.074999148009743
9.929454233687958, 30.552083591485147, -5.087498533136898
5.022820145515919, 31.686947304476558, -5.099999899999853
-8.881784197001252e-16, 32.05551368486801, -5.099999899999853
4.272139028240243e-14, 32.048296132508455, -5.112501067392888
-5.020486134950758, 31.672565023072416, -5.125000475210355
-9.920268489937783, 30.52404748326465, -5.137499188846041
-14.56567150416071, 28.591905615194698, -5.149998570690996
-18.832983624472437, 25.92825219432737, -5.162499757106014
-22.63600465256168, 22.636099453747956, -5.175000943491969
-25.91637299976975, 18.824543919653973, -5.187500374006157
-28.565557277589214, 14.552397615655877, -5.199999108303163
-30.48194084026415, 9.906656416299787, -5.2124985085550435
-31.615001440674057, 5.011391068832441, -5.224999713382996
-31.976127434893968, 8.580888542566138e-05, -5.237500918196204
-31.60063938719669, -5.008921773411383, -5.2500003671256135
-30.45393534613592, -9.897374890822867, -5.262499119833391
-28.52617642930575, -14.532213434410007, -5.27499853850101
-25.86926327417121, -18.790237471570236, -5.287499761757029
-22.58506499408179, -22.584977005746772, -5.300000984982465
-18.781790127479304, -25.85738969789219, -5.3125004523187584
-14.518932294318207, -28.499831736238846, -5.324999223437152
-9.883757108288208, -30.411830435371513, -5.337498660052206
-4.999823763623466, -31.543076058877034, -5.349999899999853
0.0, -31.911176117570598, -5.349999899999853
4.440892098500626e-16, -31.90395856521109, -5.362501067392807
4.997492699834161, -31.528693345210083, -5.375000475210194
9.874575466682725, -30.383793042543566, -5.3874991888457995
14.49881138532581, -28.460418367558447, -5.399998570690675
18.74751499334328, -25.810256871450584, -5.412499757105618
22.533946663082784, -22.534033298009, -5.425000943491503
25.79838457706239, -18.739066026830564, -5.437500374005635
28.4340744990615, -14.485528858045965, -5.449999108302606
30.341689100663913, -9.860954903478314, -5.4624985085544715
31.471131080158916, -4.9883886204946295, -5.474999713382423
31.831789867613928, -7.816238702058457e-05, -5.487500918195631
31.45676681452351, 4.985934457951588, -5.50000036712507
30.313679522804883, 9.851686214600228, -5.512499119832908
28.394687810600097, 14.465355966567426, -5.524998538500607
25.75126707644835, 18.70477001585774, -5.537499761756705
22.48299887657312, 22.482918978037013, -5.550000984982232
18.69631349617531, 25.739400334924657, -5.562500452318598
14.452066283489746, 28.368347536460952, -5.574999223437062
9.838059990491507, 30.27157729788047, -5.58749866005217
4.976827381718444, 31.39920481327943, -5.599999899999853
-4.440892098500626e-16, 31.7668385502732, -5.599999899999853
4.609645251057789e-14, 31.75962106478374, -5.612500951570467
-4.974499195246775, 31.38482129082812, -5.625000418448355
-9.828882320948216, 30.243538413818673, -5.637499269670503
-14.431951107657865, 28.328930853640887, -5.649998715313341
-18.66204566987839, 25.692260751983415, -5.662499782818816
-22.43188862440423, 22.431967267570922, -5.67500085028568
-25.680394898552777, 18.65358741830077, -5.687500335974546
-28.302591140971106, 14.418660117213285, -5.699999204199293
-30.20143674588897, 9.815253359345892, -5.712498664874878
-31.32725861112533, 4.965386124035155, -5.7249997474173995
-31.687452351290506, 7.081978178904606e-05, -5.737500829931749
-31.312891842201502, -4.962946434358181, -5.750000330659256
-30.1734230931488, -9.805996846087968, -5.762499213919439
-28.263198520605357, -14.398497897359949, -5.774998689634051
-25.633268565808056, -18.619300432302055, -5.787499787224705
-22.38093303452652, -22.380860756681116, -5.800000884775439
-18.610835039882208, -25.621407959191927, -5.812500400535541
-14.385200172821481, -28.23686219891576, -5.824999298831003
-9.792362542261886, -30.13132306752437, -5.837498789114264
-4.953830469884547, -31.25532944734011, -5.849999899999853
0.0, -31.62250098297578, -5.849999899999853
6.772369790037028e-16, -31.615283497486313, -5.862500951570501
4.951505012984546, -31.24094552123489, -5.875000418448428
9.783188579319411, -30.103283022118042, -5.887499269670619
14.3650903876886, -28.197442655073452, -5.899998715313498
18.576574304228757, -25.574262291530772, -5.912499782819021
22.329830343799372, -22.329901402954356, -5.925000850285927
25.562402836318917, -18.568107443806543, -5.93750033597482
28.171107039417585, -14.351791466056614, -5.949999204199577
30.061183833974013, -9.769551840850346, -5.962498664875155
31.18338407268205, -4.942383586112437, -5.974999747417664
31.543114784006285, -6.372617332219338e-05, -5.987500829931999
31.169015235199424, 4.939957932758915, -6.000000330659484
30.033166418302564, 9.76030713097683, -6.012499213919634
28.131709056573154, 14.331639627949682, -6.024998689634215
25.515269300325155, 18.533830150931273, -6.037499787224846
22.27886721029187, 22.278802435694118, -6.0500008847755655
18.52535624076332, 25.50341502301005, -6.062500400535648
14.318334073494515, 28.105376778992113, -6.074999298831092
9.746665101475777, 29.991068855859126, -6.087498789114294
4.930833558052901, 31.111454081400456, -6.099999899999853
-4.440892098500626e-16, 31.478163415678377, -6.099999899999853
4.263256414560601e-14, 31.470945997603035, -6.1125008348058065
-4.928510800241343, 31.097069355572184, -6.125000364252919
-9.737494832446695, 29.9630273969401, -6.137499356585012
-14.29822973017981, 28.06595406461788, -6.149998869286569
-18.491102546910184, 25.456262767980277, -6.162499815370007
-22.227772365329724, 22.227835308719783, -6.175000761471361
-25.44440984643224, 18.482626238822032, -6.187500302204429
-28.039622610599412, 14.28492232825242, -6.1999993058164335
-29.920930483053723, 9.723849688315472, -6.212498829796006
-31.039507478872096, 4.919380195839566, -6.224999787160035
-31.398777266017106, 5.6082713073149575e-05, -6.237500744549328
-31.025136026075216, -4.916969608568537, -6.250000296564355
-29.892908921240092, -9.71461737732645, -6.262499311456117
-28.000218605147417, -14.264781325317283, -6.2749988467177005
-25.397267187992227, -18.448358299918738, -6.287499815369801
-22.176801181206166, -22.176744401807554, -6.300000784039797
-18.43987509028119, -25.385419346908698, -6.312500347332991
-14.251467776072843, -27.973890266774067, -6.324999373504566
-9.700967438929311, -29.85081348948409, -6.337498920052317
-4.907836158747704, -30.967574467274233, -6.349999899999853
0.0, -31.333825848380968, -6.349999899999853
8.881784197001252e-16, -31.326608430305683, -6.362500834805707
4.905516263183996, -30.9531893134874, -6.375000364252733
9.691801161613569, -29.822770773825773, -6.387499356584733
14.231369528289024, -27.934464311556468, -6.399998869286232
18.405629658999032, -25.338260116657665, -6.412499815369638
22.125714970916896, -22.12576855791157, -6.425000761470943
25.326415088203888, -18.397142715708675, -6.43750030220397
27.908137824472824, -14.218052528453642, -6.449999305815933
29.78067680115739, -9.67814682786669, -6.462498829795495
30.89562887542843, -4.896375960575831, -6.47499978715959
31.254439698732124, -4.798940954296934e-05, -6.487500744548961
30.881255049514227, 4.89398139740765, -6.500000296564059
29.752651065628726, 9.668927630343749, -6.5124993114558904
27.868727848570945, 14.197923068464274, -6.5249988467174935
25.27926414442134, 18.362885938519298, -6.537499815369611
22.07473504950497, 22.074686388285993, -6.550000784039651
18.354393503455103, 25.267423157759612, -6.56250034733289
14.184601478822639, 27.842403676829758, -6.574999373504514
9.655269789887361, 29.710558139660225, -6.587498920052268
4.884838759449711, 30.823694853146765, -6.599999899999853
-8.881784197001252e-16, 31.189488281083555, -6.599999899999853
4.263256414560601e-14, 31.18227093376071, -6.612500712258893
-4.882521601230517, 30.809308881239062, -6.625000303099836
-9.646107217712212, 29.68251400425655, -6.6374994353577685
-14.164508890571858, 27.802974422189383, -6.64999901465186
-18.320155653729632, 25.220256912978044, -6.662499835507525
-22.02365708058938, 22.023702388828227, -6.675000656373099
-25.20841852525197, 18.311659081654465, -6.687500255814249
-27.776652086221514, 14.151183414393927, -6.699999396668498
-29.640422228892852, 9.632444717406813, -6.712498984557726
-30.751747894225822, 4.873372694598714, -6.724999814010141
-31.11010218979717, 4.1358480554064735e-05, -6.73750064347732
-30.737371720914375, -4.870991191313738, -6.750000251516106
-29.61239287155268, -9.623236213873458, -6.762499400966572
-27.737236809206514, -14.131063373023395, -6.774998997453466
-25.16125927249042, -18.277410499203366, -6.787499835507521
-21.972669904588322, -21.972627478173273, -6.800000673571471
-18.268910725375097, -25.14942322644019, -6.812500290205424
-14.117735346387995, -27.710915740501235, -6.824999448252109
-9.609571758955381, -29.570301658560737, -6.837499053339268
-4.8618407673840505, -30.679810880789525, -6.849999899999853
0.0, -31.045150713786146, -6.849999899999853
8.881784197001252e-16, -31.03793336646332, -6.86250071225885
4.859525758674654, -30.66542458568791, -6.875000303099757
9.600411821991266, -29.542256699520706, -6.887499435357654
14.097646703457228, -27.671484370102284, -6.89999901465173
18.234678323520527, -25.102252090540134, -6.912499835507328
21.921597889798022, -21.921637434392657, -6.925000656372815
25.090418547838457, -18.22617519665173, -6.937500255813882
27.645165038988928, -14.084315390174162, -6.9499993966680504
29.500166761155725, -9.58674358702389, -6.962498984557257
30.60786456608363, -4.850370403402065, -6.974999814009704
30.965764622506246, -3.592448620723964e-05, -6.987500643476905
30.59348678114579, 4.847999647992357, -7.000000251515722
29.472134572579712, 9.577543923312415, -7.012499400966218
27.60574576201939, 14.064203118400822, -7.024998997453132
25.0432538039152, 18.19193404290872, -7.037499835507234
21.87060495013033, 21.870568287404442, -7.0500006735712475
18.183427714219015, 25.0314226029342, -7.062500290205256
14.050869254576089, 27.57942769820393, -7.0749994482519964
9.563873733630492, 29.43004519660903, -7.08749905333921
4.838842775360408, 30.535926908425797, -7.099999899999853
-4.440892098500626e-16, 30.900813146488733, -7.099999899999853
4.263256414560601e-14, 30.893595872866097, -7.112500584606396
-4.836529805192727, 30.5215398861655, -7.1250002376381145
-9.554716230313552, 29.401999221175842, -7.1374995112891755
-14.030784269974067, 27.5399940785573, -7.14999915925975
-18.14920017239881, 24.984246455755468, -7.162499852188281
-21.819538587787193, 21.819572682012677, -7.175000545121045
-24.972417158834688, 18.14069060180445, -7.1875002053387655
-27.513677351675838, 14.017447442241505, -7.199999485469629
-29.359910631753486, 9.541042453006293, -7.212499139575961
-30.46397894688825, 4.827368046002887, -7.224999838641156
-30.82142711627651, 3.0779213246007235e-05, -7.237500537713144
-30.449599222233406, -4.825007408240657, -7.250000204067782
-29.33187559276797, -9.531851017075546, -7.262499490334813
-27.47425391043068, -13.997342395296457, -7.274999150578269
-24.925245653658337, -18.106455489120513, -7.287499855783166
-21.7685400680109, -21.768509116216634, -7.300000560991599
-18.097942410637405, -24.913418922248283, -7.31250023348184
-13.984002643960341, -27.447938652274686, -7.3249995257787965
-9.518174839924573, -29.289787729601834, -7.3374991915972005
-4.815843679460457, -30.392038526386084, -7.349999899999853
0.0, -30.75647557919133, -7.349999899999853
8.881784197001252e-16, -30.74925830556875, -7.362500584606291
4.813532792646862, -30.377651174286257, -7.375000237637945
9.509019620107525, -29.261741043235418, -7.387499511288951
13.963921043750984, -27.408503209780122, -7.399999159259505
18.06371958082824, -24.86623841580583, -7.412499852188013
21.71747887440943, -21.717508250161707, -7.425000545120737
24.8544130798252, -18.055204639950006, -7.437500205338418
27.382188820655443, -13.950579668790516, -7.44999948546924
29.219653886667302, -9.495341378261003, -7.462499139575613
30.320091064883563, -4.804365627633964, -7.474999838640894
30.677089548983524, -2.5870727875232138e-05, -7.487500537712938
30.30570987179136, 4.802014696473048, -7.500000204067637
29.19161632359889, 9.486157804094857, -7.512499490334728
27.342761829281642, 13.930481529655681, -7.524999150578287
24.807236622396264, 18.02097624523537, -7.537499855783203
21.666475146637943, 21.666449892361285, -7.550000560991624
18.012456679787046, 24.79541467050069, -7.562500233481854
13.917135998806739, 27.316449540100017, -7.574999525778804
9.472475927158744, 29.149530291328517, -7.587499191597206
4.792844583581477, 30.24815014434319, -7.599999899999853
-8.881784197001252e-16, 30.612138011893926, -7.599999899999853
4.263256414560601e-14, 30.604920812020985, -7.612500456868169
-4.790535763918748, 30.233762030283494, -7.625000176636551
-9.46332305199237, 29.12148260557557, -7.637499595210941
-13.89705793743314, 27.277011900468246, -7.649999314577883
-17.97823858933872, 24.748229209337882, -7.662499874811875
-21.615419433242426, 21.61544363597982, -7.675000435040671
-24.73640784114308, 17.969717534964893, -7.687500158167736
-27.250699896181473, 13.883711458227001, -7.69999958009984
-29.079396673331537, 9.449639642851544, -7.712499302824173
-30.176200940197873, 4.781362379522514, -7.724999866416028
-30.53275204387535, 2.068263860341351e-05, -7.73750043000397
-30.161817766197263, -4.779021596860998, -7.750000156489049
-29.051356267935606, -9.4404642401812, -7.762499581778794
-27.211268786413868, -13.863620453758394, -7.774999307861138
-24.68922468383452, -17.935495043923037, -7.787499874812019
-21.56441045135761, -21.564390539766126, -7.800000441757723
-17.926969176060805, -24.67740683064323, -7.8125001716002185
-13.850269683215135, -27.184958963596426, -7.824999600247636
-9.426777152887986, -29.009271496080153, -7.837499329688628
-4.769845354772064, -30.104257066474716, -7.849999899999853
0.0, -30.46780044459652, -7.849999899999853
8.881784197001252e-16, -30.46058324472347, -7.86250045686835
4.767538532903378, -30.089868646206305, -7.875000176636833
9.417626824101276, -28.98122301022724, -7.887499595211304
13.8301955179315, -27.145519237719665, -7.8999993145782526
17.892756428636332, -24.63021654632096, -7.912499874812265
21.51336047709754, -21.513378446895032, -7.9250004350410865
24.618400384895004, -17.88422826133315, -7.937500158168156
27.11921050573638, -13.816842655691255, -7.949999580100258
28.93913909107014, -9.403937166715977, -7.962499302824606
30.032308604749275, -4.758358307124308, -7.974999866416415
30.388414476580905, -1.526599608384619e-05, -7.987500430004303
30.017923778223906, 4.756028231257093, -8.00000015648937
28.911095867719627, 9.394770512960351, -8.012499581779108
27.0797754495527, 13.796759347849557, -8.02499930786138
24.571211788110354, 17.850013198862328, -8.037499874812182
21.462345751709698, 21.462331094184243, -8.050000441757824
17.841481334550704, 24.559398323255092, -8.062500171600293
13.783403426346917, 27.053468267920195, -8.074999600247686
9.381078412458587, 28.869012710966025, -8.087499329688635
4.746846125957704, 29.960363988606982, -8.099999899999853
-4.440892098500626e-16, 30.323462877299107, -8.099999899999853
4.263256414560601e-14, 30.316245756800075, -8.112500319388515
-4.744541103580374, 29.94597485056275, -8.125000103181058
-9.371930178500438, 28.840963308388375, -8.137499664194069
-13.76333244184485, 27.014026536510517, -8.149999453107739
-17.807272794266698, 24.512203473139145, -8.16249987573093
-21.411300688425623, 21.41131420193925, -8.175000298356812
-24.50039066239139, 17.798739318100303, -8.187500085385254
-26.98771972371111, 13.749975375022442, -8.199999649633545
-28.798880229004375, 9.358236545609337, -8.21249944178237
-29.88841349530319, 4.735356454702736, -8.22499986764103
-30.244076988093695, 1.266727908902639e-05, -8.237500293503295
-29.87402745229412, -4.733031462345182, -8.250000083767429
-28.770835623724732, -9.349073501474603, -8.262499651251147
-26.948282593836012, -13.729895189832295, -8.274999446635658
-24.453197810593835, -17.76452673185013, -8.287499875730722
-21.36028308516706, -21.360269727297705, -8.300000304828487
-17.755993082331337, -24.441385126664184, -8.312500098327854
-13.716538419457738, -26.921975613101953, -8.324999669046964
-9.33538022713132, -28.728752404020543, -8.337499467667518
-4.7238467260838615, -29.816466074805454, -8.349999899999853
0.0, -30.1791253100017, -8.349999899999853
8.881784197001252e-16, -30.171908189502673, -8.362500319388515
4.721541822335472, -29.80207692800218, -8.375000103181051
9.326231250362092, -28.700703260968744, -8.387499664194063
13.696466925076045, -26.882534045547622, -8.39999945310774
17.721784740490136, -24.394189170945907, -8.412499875730937
21.309238771489866, -21.309251973643054, -8.425000298356828
24.382376633205794, -17.713250917046192, -8.437500085385325
26.85622694589763, -13.683110423342827, -8.44999964963365
28.658619976066742, -9.312538247915477, -8.462499441782514
29.744515613322253, -4.712356822134173, -8.474999867641138
30.09973942079646, -1.2373809746416915e-05, -8.487500293503349
29.73012949793317, 4.710032413659404, -8.500000083767365
28.630575523754562, 9.303374741249108, -8.512499651251005
26.816790048530162, 13.663029776914573, -8.524999446635473
24.33518347300595, 17.67903872467648, -8.537499875730582
21.25822085698607, 21.258207810246983, -8.550000304828398
17.670504728140376, 24.3233710618939, -8.5625000983278
13.649673571889045, 26.790482780812575, -8.574999669046937
9.28968209755965, 28.58849209846466, -8.587499467667485
4.700847326219931, 29.672568161002367, -8.599999899999853
-8.881784197001252e-16, 30.034787742704303, -8.599999899999853
4.263256414560601e-14, 30.027570712509274, -8.612500162977403
-4.698542177244694, 29.65817861833498, -8.625000005836952
-9.280531611089565, 28.560443213995075, -8.637499707291155
-13.629600406813061, 26.751041702517966, -8.649999565651832
-17.63629487400881, 24.276174683159187, -8.662499843165993
-21.20717559858524, 21.207191152066965, -8.675000113723605
-24.264359520400035, 17.627763921380648, -8.687499964160972
-26.7247320389641, 13.616248477237654, -8.699999673192274
-28.518357930405198, 9.266843419241606, -8.712499539129976
-29.600614666277867, 4.68936093521759, -8.724999824221454
-29.955401963853966, 1.6682534064081744e-05, -8.737500102357728
-29.58622957714451, -4.687027171896217, -8.749999960372492
-28.490316521641525, -9.257669824859354, -8.762499676980859
-26.685299238749998, -13.596158850202876, -8.774999550495968
-24.217169287083074, -17.593544243400274, -8.78749984316607
-21.15616225054766, -21.156142415111567, -8.800000128879567
-17.585018572196986, -24.20535025672806, -8.812499994471331
-13.582812804663208, -26.658986529826358, -8.824999718656796
-9.243986767320449, -28.448229519481785, -8.837499599749759
-4.677848796035267, -29.528665102838037, -8.849999899999853
0.0, -29.890450175406883, -8.849999899999853
8.881784197001252e-16, -29.883233145211847, -8.862500162977408
4.675539168591229, -29.514276264330647, -8.875000005836956
9.234827995068878, -28.420183330576414, -8.887499707291163
13.562730033484469, -26.61955024697798, -8.899999565651854
17.550799525168863, -24.158159576877253, -8.91249984316604
21.105109244072477, -21.105133361343363, -8.925000113723652
24.146336517541627, -17.54227941705872, -8.937499964160995
26.593233969445247, -13.54939105501162, -8.949999673192263
28.37809381507305, -9.221152869802202, -8.962499539129938
29.456710604221072, -4.666368785720678, -8.974999824221399
29.811064396551266, -2.4756511868416883e-05, -8.987500102357654
29.442328227018617, 4.664017782576547, -8.999999960372412
28.350058132901438, 9.211961600810294, -9.01249967698078
26.55380925084965, 13.529285600029654, -9.024999550495888
24.099155131287908, 17.50804758914564, -9.03749984316598
21.054104459820522, 21.054076060602576, -9.05000012887949
17.499532762452525, 24.087328204366365, -9.062499994471285
13.515952505590446, 26.52748992795666, -9.074999718656793
9.198291609844429, 28.307966898841933, -9.087499599749782
4.654850265855579, 29.384762044672947, -9.099999899999853
-8.881784197001252e-16, 29.74611260810948, -9.099999899999853
4.254374547791755e-14, 29.738895662650997, -9.112500016209394
-4.652536324012252, 29.370373405858853, -9.124999944077224
-9.189125248026276, 28.279922896806816, -9.137499808704531
-13.495861448399824, 26.488057468023307, -9.1499997406971
-17.465305663851293, 24.040141783328142, -9.162499877464137
-21.003045583977965, 21.00307295286413, -9.175000014231763
-24.028315484639638, 17.456789197997107, -9.187499946224172
-26.461738870475934, 13.482526486043522, -9.199999810851384
-28.23783199187438, 9.175452943753205, -9.212499742843857
-29.31280548822957, 4.6433666861126275, -9.224999879610838
-29.666726872964013, 2.2662246856447743e-05, -9.237500016378412
-29.298421978762896, -4.641019923601132, -9.249999948370823
-28.20979469137158, -9.166265953617769, -9.262499812998033
-26.42231176203594, -13.46242477256559, -9.274999744990502
-23.981130624052057, -17.422558603611222, -9.287499881757517
-20.952039173073267, -20.952017280024833, -9.300000018525068
-17.414035584430742, -23.96930910646994, -9.312499950517484
-13.449082683050754, -26.395996804098992, -9.324999815144697
-9.152588060932047, -28.16770559401455, -9.337499751154766
-4.631847923597048, -29.240854436700005, -9.349999899999853
0.0, -29.601775040812072, -9.349999899999853
6.550314813141044e-16, -29.594558095353634, -9.362500016209317
4.629534899286639, -29.226465651692042, -9.374999944077068
9.143427548774856, -28.139659723695992, -9.387499808704295
13.429000250390272, -26.356559855747626, -9.39999974069679
17.37981631199247, -23.922115992756403, -9.41249987746376
20.900988075440686, -20.901006300924315, -9.425000014231374
23.910298086015256, -17.371288348354753, -9.43749994622378
26.33024840833842, -13.415651289018822, -9.449999810850988
28.097573224144863, -9.129741640185422, -9.462499742843457
29.1688993820534, -4.620354646681886, -9.474999879610444
29.52238929488977, -1.2248666595151899e-05, -9.487500016378059
29.154512453600564, 4.61802974952306, -9.49999994837051
28.069528646555117, 9.120577116695237, -9.512499812997758
26.29081120474307, 13.395569343322421, -9.524999744990266
23.863102690706175, 17.337072191803248, -9.537499881757324
20.84997195609988, 20.849960336521388, -9.550000018524916
17.32853638264039, 23.851290505481455, -9.562499950517369
13.382211831072262, 26.264504123050447, -9.574999815144619
9.106884099518883, 28.027444447848755, -9.58749975115473
4.608845581344507, 29.096946828726114, -9.599999899999853
-4.440892098500626e-16, 29.45743747351466, -9.599999899999853
3.9079850466805517e-14, 29.450220599102103, -9.612499893154245
-4.606533884081304, 29.08255732963323, -9.624999895014058
-9.097730087272954, 27.99939619644923, -9.637499904985662
-13.362138707365562, 26.22506200137631, -9.649999906845483
-17.294325716788826, 23.804089473664536, -9.66249989999988
-20.798930136364977, 20.798940187530572, -9.674999893154277
-23.792278491593464, 17.28578744407026, -9.687499895014092
-26.19875624695642, 13.34877808548056, -9.69999990498569
-27.95731264308602, 9.084033615311624, -9.712499906845496
-29.02499005478656, 4.597346186495634, -9.724999899999878
-29.37805179981695, 5.482730009061933e-06, -9.737499893154261
-29.010600453032204, -4.595035240975861, -9.749999895014067
-27.929263276589584, -9.07488311476865, -9.76249990498566
-26.159312336602888, -13.328708282139353, -9.774999906845471
-23.745074554998176, -17.251579377014316, -9.787499899999856
-20.747906998884503, -20.747901260020768, -9.799999893154244
-17.24303617334672, -23.733267161492115, -9.812499895014055
-13.31534222746188, -26.133009352981134, -9.82499990498565
-9.061180841960333, -27.887181605550722, -9.837499906845462
-4.585842226282596, -28.953034048053564, -9.849999899999853
0.0, -29.31309990621726, -9.849999899999853
4.440892098500626e-16, -29.305883031804697, -9.86249989315425
4.583536509128798, -28.938643614169585, -9.874999895014074
9.052034089943588, -27.859131022689514, -9.887499904985678
13.295276006021094, -26.093563615808915, -9.899999906845496
17.208831421953768, -23.686060811877432, -9.912499899999894
20.69687102757147, -20.69687516634283, -9.924999893154292
23.674254749912315, -17.200286388652366, -9.93749989501411
26.067261660288224, -13.281907935513495, -9.94999990498571
27.81705005007971, -9.038329664754695, -9.962499906845526
28.881077529845037, -4.574341309674695, -9.974999899999917
29.23371424330339, -1.7015525034433238e-06, -9.987499893154308
28.866686751045457, 4.57203783433749, -9.999999895014119
27.788998349473427, 9.029186357346031, -10.01249990498571
26.027814314084985, 13.261844868951925, -10.024999906845514
23.6270463633971, 17.166084436109365, -10.037499899999897
20.645842542695448, 20.645841586228386, -10.049999893154283
17.157535763979975, 23.615242949638272, -10.06249989501409
13.248472789296343, 26.001514403284215, -10.074999904985676
9.015477651428442, 27.746918765922636, -10.087499906845474
4.562838871229741, 28.80912126737958, -10.099999899999853
-4.440892098500626e-16, 29.16876233891985, -10.099999899999853
3.907985046680551e-14, 29.161545548593974, -10.112499747511846
-4.56053869548402, 28.79472944465435, -10.124999852500302
-9.00633815299573, 27.71886553079648, -10.137500035461713
-13.228414227638865, 25.962064312835977, -10.150000118383277
-17.123337861014175, 23.568029923845675, -10.162499933327831
-20.59481236274665, 20.594809791942364, -10.174999776397343
-23.556229738141543, 17.114783864286007, -10.18749987694238
-25.93576757015336, 13.215035398137617, -10.200000055459563
-27.676788167411285, 8.992621105037419, -10.212500133936498
-28.7371631608833, 4.5513306551835475, -10.224999944436817
-29.089376744418708, -4.443547400517307e-06, -10.237499783062777
-28.722769568359254, -4.5490416220520355, -10.249999879164017
-27.648731142283076, -8.983493427855063, -10.26250005323722
-25.896312074190757, -13.194987339430046, -10.275000127270413
-23.509010460735844, -17.080593185186242, -10.287499933327389
-20.543776616983152, -20.543783472346007, -10.299999767509288
-17.072032347468237, -23.497215242825334, -10.312499859166214
-13.181599988683752, -25.870019691325176, -10.325000028795454
-8.969768440201209, -27.606656396243423, -10.337500098385581
-4.5398288300425325, -28.665204087883453, -10.349999899999855
0.0, -29.024424771622442, -10.349999899999855
4.440892098500626e-16, -29.017207981296774, -10.362499747511482
4.537536894195991, -28.650810943980055, -10.37499985249946
8.960642716783166, -27.578598724322692, -10.387500035460377
13.161556423455119, -25.830561896855848, -10.400000118381442
17.037846546787627, -23.449992420431734, -10.412499933325496
20.4927545743988, -20.492743435058713, -10.42499977639452
23.43820234273226, -17.029278594937274, -10.437499876939345
25.80427442226215, -13.148159381107355, -10.450000055456414
27.536527435770083, -8.946907005084388, -10.462500133933215
28.593246998911376, -4.52831423216989, -10.474999944433405
28.945039177121124, 1.2521756130591602e-05, -10.487499783059233
28.57885005016732, 4.526046202529092, -10.499999879160892
27.508462835623646, 8.937802600344861, -10.512500053234742
25.764808192834884, 13.12813241500879, -10.525000127268585
23.390972009040283, 16.995103178987645, -10.5374999333262
20.44171026003724, 20.44172568405868, -10.54999976750875
16.98652838599577, 23.37918689924558, -10.562499859165914
13.114726851344459, 25.738525078097705, -10.575000028795255
8.924058949016631, 27.466394164399173, -10.587500098385478
4.51681878888686, 28.52128690838228, -10.599999899999853
-4.440892098500626e-16, 28.880087204325033, -10.599999899999853
3.9079850466805517e-14, 28.872870525005364, -10.612499555243453
-4.514534245800231, 28.506892100574607, -10.624999704231474
-8.914944477706383, 27.43833261897585, -10.63750002006538
-13.0946937735433, 25.69906159531719, -10.650000168890692
-16.952348425553716, 23.331958213234707, -10.662499807788944
-20.390690807370056, 20.390683280542607, -10.6749995024289
-23.320167753143647, 16.94378014147702, -10.68749965956863
-25.67277425950061, 13.081296013681728, -10.699999984709082
-27.396260517091438, 8.901209831277109, -10.712500142978504
-28.449325000986093, 4.505317183077199, -10.72499979131966
-28.80070177589601, -9.565175455226537e-07, -10.73749949540073
-28.434930333177466, -4.503031599987576, -10.74999966198329
-27.36820104610756, -8.89208893508875, -10.762499996567042
-25.633315179160242, -13.061253895697476, -10.775000164278651
-23.272945109536508, -16.90959019257788, -10.787499822060191
-20.339658788340195, -20.339653199881596, -10.799999535585158
-16.901034517189064, -23.261145487748948, -10.812499711612194
-13.047869430818249, -25.6070210390063, -10.825000055639276
-8.878364886912237, -27.3261254146363, -10.837500232791074
-4.493818747593743, -28.377362475242734, -10.849999900010417
0.0, -28.735749637021524, -10.849999900010417
4.440892098500626e-16, -28.72853294473972, -10.862499577705089
4.4915282199543825, -28.362968589424298, -10.874999749147378
8.869239158265863, -27.298067511528963, -10.887500087001914
13.027824668420907, -25.567563296566586, -10.900000261383218
16.86684650276125, -23.213921380304907, -10.912499962665699
20.288638283296727, -20.288611552419713, -10.924999633429902
23.20213809754737, -16.858268304755374, -10.937499797939443
25.541279194717667, -13.014420459050688, -10.950000128859038
27.255997629670755, -8.855497566653725, -10.962500296304242
28.30540341463757, -4.482298595653748, -10.974999990650963
28.65636411674766, 2.8922854794718046e-05, -10.9874996544827
28.29100293367061, 4.480049387425983, -10.999999812058196
27.227928820702793, 8.846405295012659, -11.012500136042798
25.501807459371033, 12.994403285981225, -11.025000296553198
23.15489747926508, 16.824103179166407, -11.037499983966288
20.237573786994876, 20.237613970024476, -11.04999964086363
16.81551394344766, 23.143122197384855, -11.062499791503887
12.98098939306731, 25.475528312698444, -11.075000108986972
8.832653855525304, 27.185862190383478, -11.087500259457595
4.470809225212089, 28.233439562964183, -11.099999899999853
-4.440892098500626e-16, 28.591412069730215, -11.099999899999853
3.907985046680551e-14, 28.58419547672347, -11.112499405745078
-4.468514163432319, 28.219045867455588, -11.124999651930949
-8.823518569942767, 27.157807166591788, -11.137500127060564
-12.960933617015517, 25.436075805707276, -11.150000353315688
-16.781314933113645, 23.0959044663409, -11.162499817586456
-20.186539895802596, 20.186586023485457, -11.174999353182502
-23.084074434609374, 16.77280038277275, -11.187499592356144
-25.409757065526666, 12.947597153577838, -11.200000076548537
-27.11571497886093, 8.809843982861192, -11.212500313948695
-28.161468406444396, 4.459347111786056, -11.224999789362675
-28.512026733258065, 3.920339654570336e-05, -11.237499336097404
-28.147084584195373, -4.456990393839791, -11.249999586413102
-27.087678274928535, -8.800652532852888, -11.262500081748755
-25.370329330700628, -12.927492266406016, -11.275000330290874
-23.036885332562044, -16.7385601241051, -11.287499816843786
-20.135552199776946, -20.13551162931421, -11.299999374722024
-16.730038063212607, -23.02506070664672, -11.312499636182388
-12.914147022342068, -25.344015003572423, -11.325000142661352
-8.786968069202224, -27.045589206523324, -11.337500402342293
-4.447812083741413, -28.089508830789743, -11.349999900029763
0.0, -28.447074502415543, -11.349999900029763
4.440892098500626e-16, -28.439857897830283, -11.362499425829569
4.445518551996257, -28.07511485534065, -11.374999692074592
8.777834739128409, -27.017533504330075, -11.387500187263273
12.894090826193956, -25.304562506748283, -11.400000433572252
16.695836547003896, -22.97784354672188, -11.412499917890273
20.084509345362616, -20.084492330435737, -11.424999473550127
22.966061018319106, -16.687256249530893, -11.437499732787769
25.278279851132123, -12.880683234394265, -11.450000236006087
26.975465397650268, -8.764086198736832, -11.462500502339362
28.01754926153219, -4.4362767343153475, -11.475000057608911
28.36768903104854, 5.085359527682729e-05, -11.487499569734956
28.003142511718032, 4.434062717919624, -11.499999822298715
26.947385999022142, 8.755025342221625, -11.512500302765275
25.238794193780844, 12.86069234508544, -11.525000544265435
22.918801469553568, 16.65311331497156, -11.537500074706312
20.033428017341315, 20.03351151352873, -11.549999562006647
16.64447919130567, 22.907057909900804, -11.562499789738593
12.8472314007667, 25.212538625461, -11.57500024640606
8.741229232977474, 26.9053335166436, -11.587500454194025
4.424787213183212, 27.945582564668204, -11.599999899999853
-4.440892098500626e-16, 28.30273693513541, -11.599999899999853
3.907985046680551e-14, 28.295520435782347, -11.61249924353215
-4.422507753983845, 27.931185771861813, -11.624999584678775
-8.732121758809201, 26.87726912944727, -11.637500233083681
-12.82720773618261, 25.173069308682393, -11.650000546466384
-16.6103083425859, 22.85981694617149, -11.662499835053978
-19.982418792812293, 19.982458944361298, -11.674999220489504
-22.847994932717622, 16.601781768823336, -11.6874995533924
-25.146757848780663, 12.813856434941492, -11.700000207870076
-26.835181803984078, 8.718430646860575, -11.712500530957794
-27.873607723337162, 4.413328867139129, -11.72499982924779
-28.22335166316457, 3.544156389653331e-05, -11.737499224384571
-27.85922116836656, -4.410985769210253, -11.749999566991608
-26.80713996083147, -8.709254225392236, -11.76250022928171
-25.107322109921974, -12.793766104586378, -11.775000581654794
-22.80079295262061, -16.56755502380881, -11.787499978664233
-19.93141252019611, -19.9314030635483, -11.79999931946416
-16.559008874087848, -22.78898510777604, -11.812499657874064
-12.780396785526285, -25.0810197138814, -11.825000303537202
-8.695547581664375, -26.765057604629973, -11.83750061417344
-4.401791161356701, -27.801645621506694, -11.849999900013307
0.0, -28.158399367830235, -11.849999900013307
6.772354718476624e-16, -28.151182862058157, -11.862499254663657
4.399507377801062, -27.787249508844745, -11.874999606931157
8.686430522143205, -26.73699633804145, -11.88750026645665
12.760357977149202, -25.04155790806948, -11.90000059095625
16.52481921829257, -22.741756510928596, -11.91249989065578
19.88037682749264, -19.880376709988195, -11.924999287215382
22.729970275071715, -16.516243045809414, -11.937499631242298
25.015274397872986, -12.746951544657717, -11.9500002949487
26.694927582862007, -8.672682488010063, -11.962500648733924
27.729681386826282, -4.390266185007913, -11.975000047151495
28.07901400058166, 5.284122298206558e-05, -11.987499389374745
27.715274145047097, 4.388051359078146, -11.999999729205385
26.666848457516934, 8.66361984367628, -12.01250037439273
24.975789388626353, 12.726958307150724, -12.025000706025114
22.68271044303849, 16.48209644470705, -12.037500082293853
19.82930037761934, 19.829390993108497, -12.049999402376187
16.47345729534611, 22.670969719564106, -12.062499720058183
12.713491919741301, 24.949536235302148, -12.075000344987156
8.649816166908867, 26.624797959033007, -12.08750063488871
4.378769647093514, 27.657712795200737, -12.099999899999853
-4.440892098500626e-16, 28.01406180054059, -12.099999899999853
3.907985046680551e-14, 28.006845407757222, -12.112499058948025
-4.376495987292866, 27.643314494492444, -12.12499948084197
-8.640718171051228, 26.596730207978293, -12.1375003003238
-12.693478966431853, 24.91006094416661, -12.15000073232486
-16.4392955054841, 22.62371912321467, -12.162499958550644
-19.77830316965278, 19.77832636403522, -12.174999113972609
-22.611910117997958, 16.430750041992557, -12.1874995323357
-24.883759976314817, 12.680106373466405, -12.20000034828199
-26.554649345583893, 8.627005464726802, -12.212500776744296
-27.585737254658678, 4.367295565548597, -12.22499999942967
-27.93467657076118, 8.549611996910262e-06, -12.237499151322613
-27.57134317351487, -4.364995899613223, -12.249999566153164
-26.526594047932022, -8.6178693851813, -12.262500378564035
-24.84430570490919, -12.660051479690669, -12.275000803489263
-22.564683001647523, -16.396553836368142, -12.28750002263708
-19.72725983753223, -19.727307576959287, -12.299999170998948
-16.387965779286066, -22.552904726521483, -12.312499582295896
-12.646642463819148, -24.818023148595316, -12.32500039413345
-8.60412440086629, -26.484523742800462, -12.337500792619654
-4.355768112526311, -27.513770500012853, -12.34999990000394
0.0, -27.86972423324083, -12.34999990000394
8.881784197001252e-16, -27.862507844123492, -12.36249905260235
4.353486618768903, -27.499373496927035, -12.374999468144356
8.595010976567366, -26.456461074010324, -12.387500284236548
12.626609740534956, -24.77855776519122, -12.400000686986612
16.353781343465744, -22.505669309504086, -12.412499798637722
19.676235656890004, -19.676269805251565, -12.424999023716
22.493858125302477, -16.34523889293778, -12.437499447627662
24.752255448495898, -12.613239872302126, -12.450000268602707
26.41437882415863, -8.581302590307898, -12.462500703710086
27.441796649766616, -4.344283690349283, -12.474999933042948
27.79033903796645, 2.061040586382719e-05, -12.48749909156486
27.427399980965973, 4.342000257392376, -12.499999513030483
26.386321182819284, 8.572173529328017, -12.512500332081677
24.712799411728895, 12.593188387233434, -12.52500076364989
22.44663108104969, 16.311042522227133, -12.53749998944086
19.625197237860924, 19.62524605308415, -12.549999144436605
16.302454816453977, 22.43485253954864, -12.562499562371602
12.579778403029998, 24.686517342912627, -12.575000380849808
8.558422754797261, 26.34425277770242, -12.587500785976976
4.332761649560908, 27.36982900287352, -12.599999899999853
-4.440892098500626e-16, 27.725386665945788, -12.599999899999853
3.899103993828533e-14, 27.718170381834017, -12.612498870723293
-4.330476084260669, 27.35543209313435, -12.624999373021229
-8.549302104409566, 26.316192187465948, -12.637500347575216
-12.559737345848026, 24.647055712867715, -12.650000863667016
-16.268270626771745, 22.387614893421933, -12.662499915319959
-19.574203555826195, 19.574177875080768, -12.674998884113661
-22.375815959566854, 16.259710289720744, -12.687499384479807
-24.620757485953117, 12.546358730497126, -12.700000357100187
-26.274111581927233, 8.535586961616294, -12.712500871257351
-27.297853567442736, 4.321267410813745, -12.724999920976046
-27.646001588287398, -2.7143949199298054e-05, -12.737498887837411
-27.28345456899975, -4.318994659158085, -12.749999386270115
-26.246050370005264, -8.526468059835413, -12.76250035695712
-24.581295931707043, -12.526317134526051, -12.775000869181731
-22.32857968862525, -16.225522376614286, -12.787499916968985
-19.52313986970775, -19.523179490372115, -12.799998881897562
-16.216946785617008, -22.316791736435523, -12.812499378396964
-12.512921752614268, -24.555006205815808, -12.825000350827768
-8.512733560876585, -26.203976107387753, -12.837500862956476
-4.309768672181193, -27.225878879003574, -12.849999900027937
0.0, -27.581049098632164, -12.849999900027937
6.550325028944916e-16, -27.573832817256644, -12.862498866012054
4.307463342388132, -27.211485225001837, -12.874999363568694
8.503589441664658, -26.175923180079927, -12.887500333381185
12.492858622192655, -24.51555555792628, -12.900000844733125
16.182739640213388, -22.269569291179486, -12.912499891650265
19.472118569595196, -19.472138739277057, -12.92499885570017
22.257744702678398, -16.174215020552047, -12.937499351322462
24.489239511782458, -12.479515259848688, -12.950000322878367
26.133831018335716, -8.489909578563953, -12.962500834134676
27.15390118582101, -4.298288349570996, -12.97499987033649
27.501664010502665, -5.35362251298049e-06, -12.987498906027916
27.13950932995438, 4.295971631997276, -12.999999397654399
26.1057841048767, 8.480747000974468, -13.012500362327836
24.449799251349297, 12.459431542893041, -13.02500086811085
22.210536127132382, 16.13998854318608, -13.037499898838984
19.421095640742845, 19.42109953561961, -13.049998929066511
16.131434495072206, 22.19873261028884, -13.062499415224485
12.446061442759602, 24.423496712782445, -13.07500037442753
8.467041949851629, 26.06370019071868, -13.087500874740089
4.286773956873556, 27.08192904346035, -13.099999899999853
-8.881784197001252e-16, 27.43671153135097, -13.099999899999853
3.552713678800501e-14, 27.429495357189154, -13.112498680284387
-4.28445427677893, 27.06753713515318, -13.124999275958814
-8.457884103496866, 26.035651455060652, -13.137500419177977
-12.425989747234379, 24.38404993424443, -13.150001031584196
-16.097225133297744, 22.151509803725585, -13.162499914513218
-19.37007035166134, 19.370062944746948, -13.174998693107156
-22.13969281444824, 16.088688918942005, -13.18749928708889
-24.35773771340763, 12.412638198264556, -13.200000428613684
-25.993561290161566, 8.444196376352973, -13.21250103932474
-27.009951691079046, 4.275271169420274, -13.22499992055883
-27.357326563622987, -7.178171074018888e-06, -13.237498697460262
-26.995559314174486, -4.272954278479337, -13.249999289748166
-25.96551386498568, -8.435034566669698, -13.262500429578704
-24.318295462900135, -12.392557274008897, -13.27500103859581
-22.092478515360096, -16.054465828825013, -13.287499918136998
-19.319031377050152, -19.31903984654811, -13.299998693344559
-16.04592981423597, -22.080661383193465, -13.312499283937933
-12.379206114617645, -24.291983051564298, -13.32500042717682
-8.421345773358627, -25.923424063794823, -13.337501036897592
-4.2637690163146935, -26.93797423968421, -13.349999900005232
0.0, -27.292373964050448, -13.349999900005232
6.772349618042318e-16, -27.28515778982164, -13.362498680405807
4.261441951604873, -26.923583541047513, -13.374999276196291
8.412174988634208, -25.895379584801454, -13.387500419531492
12.359117145862538, -24.25254487092663, -13.400001032053673
16.011701224008803, -22.033451032491584, -13.412499915098646
19.26800622853137, -19.26800292207235, -13.424998693808737
22.021628658258564, -16.00317250532031, -13.437499287906627
24.226228403314717, -12.345773991129496, -13.45000043465029
25.853287136555817, -8.398494229472009, -13.462501047874506
26.865997215526903, -4.252264215893031, -13.474999914482627
27.212988948222815, 1.52353494091345e-06, -13.48749878077704
26.85160162896274, 4.249966329451972, -13.499999368478765
25.82523437371127, 8.38934851097385, -13.51250049692705
24.186780503251704, 12.32570418744285, -13.525001096315522
21.974408188866818, 15.968958008251294, -13.537499966227298
19.216959153799635, 19.216987893135634, -13.549998731824747
15.960399703052737, 21.962607015650267, -13.562499312799114
12.312329625629836, 24.160479940340878, -13.575000446414252
8.375634876168077, 25.783152781532255, -13.587501046511237
4.240756810155672, 26.79402063456104, -13.599999899999853
-4.440892098500626e-16, 27.148036396756144, -13.599999899999853
3.552713678800501e-14, 27.140820335427474, -13.612498484851642
-4.238430921774812, 26.779629112678517, -13.624999171847842
-8.366468166575691, 25.755106669368132, -13.637500479929686
-12.292247428799964, 24.12103787614948, -13.650001187812041
-15.926179637496238, 21.91538852612977, -13.662499893662693
-19.16594534293351, 19.16593983728416, -13.67499847966706
-21.903565546065266, 15.917650715433266, -13.687499167817048
-24.094720748115595, 12.27890503350394, -13.70000047705361
-25.71301275264482, 8.35279008510419, -13.712501186091044
-26.722039405932478, 4.22925678263142, -13.724999893096214
-27.068651554432066, -4.4507607141682904e-06, -13.737498480254835
-26.70764835180431, -4.226928082056665, -13.749999169559805
-25.684969031765135, -8.343616186763377, -13.762500486021576
-24.05528320401472, -12.258813550825087, -13.775001196428274
-21.85635495458547, -15.88341772237896, -13.787499882226129
-19.114910588964175, -19.114912447100465, -13.7999985672812
-15.87488027117741, -21.844538016998023, -13.812499244035347
-12.245462957964575, -24.02897018157537, -13.825000540120772
-8.329930334992945, -25.642877657502233, -13.837501232361763
-4.217747029322305, -26.650059773545635, -13.849999900001706
0.0, -27.003698829457676, -13.849999900001706
8.881784197001252e-16, -26.996482762752095, -13.86249849416658
4.2154197807942335, -26.635668478595747, -13.874999190480954
8.320762109095613, -25.614832068060352, -13.887500513951258
12.225380454070372, -23.989528119340736, -13.900001231361944
15.84065910841756, -21.79731899156217, -13.91249992415467
19.063885486828273, -19.063875436657792, -13.924998616224618
21.78551396363128, -15.832104981254231, -13.937499299991796
23.963223827992575, -12.212012539018222, -13.950000597015592
25.57274570968586, -8.30706085866773, -13.962501296042243
26.578082367790017, -4.206223668797905, -13.97499999302898
26.92431393518041, 2.547789573674712e-05, -13.987498570215827
26.563683649356193, 4.203941150268145, -13.999999249532875
25.544687967278403, 8.297929689864405, -14.012500555995857
23.923766293544883, 12.191960725137035, -14.025001256398369
21.73827890123409, 15.797906299139877, -14.03749993219072
19.0128409079084, 19.012857950275016, -14.049998607264028
15.789336995440728, 21.726484753014667, -14.062499274024606
12.178577461221169, 23.897469796616736, -14.075000560111436
8.284212809948848, 25.50260682846158, -14.08750124235361
4.194730675833482, 26.50610000445836, -14.099999899999853
-4.440892098500626e-16, 26.859361262161343, -14.099999899999853
3.552713678800501e-14, 26.852145305250914, -14.112498303993952
-4.192405393879288, 26.491707730913006, -14.124999117784462
-8.275050205299117, 25.474559075705123, -14.137500625150276
-12.158503426874654, 23.85802290601711, -14.15000144485841
-15.755125821596856, 21.679256429064864, -14.162499958766357
-18.961819244172535, 18.961817651637276, -14.174998472248486
-21.667431336356334, 15.746598663252396, -14.187499254617274
-23.831704260520368, 12.145163385691818, -14.20000072942252
-25.43246397767467, 8.261373598518402, -14.212501531420909
-26.434115217619354, 4.1832302910987, -14.225000027619313
-26.779976394900327, -1.0040475028979159e-05, -14.2374985234296
-26.419720296671535, -4.180920549283984, -14.249999288105396
-25.40441454702311, -8.252216184747805, -14.262500745209751
-23.792258684708678, -12.12508657671519, -14.275001529509186
-21.620209546353088, -15.712376493648325, -14.287500008022274
-18.91077974184683, -18.910795069993057, -14.29999848613652
-15.703806706779801, -21.608414927868374, -14.312499233108756
-12.111705636337355, -23.765960726449244, -14.325000672511848
-8.238504636390633, -25.362331122313027, -14.33750143912329
-4.171718671251099, -26.362132429087367, -14.349999899975058
0.0, -26.715023694878262, -14.349999899975057
6.550329973713316e-16, -26.707807734901237, -14.362498309280625
4.169396843306293, -26.347739582820132, -14.37499912838597
8.229352539518509, -25.33427993070399, -14.387500641066413
12.091649237985948, -23.726504850029215, -14.400001466085932
15.669615052557898, -21.561171350430804, -14.412499985297892
18.859771486306386, -18.859741238251317, -14.424998504098543
21.54938928971577, -15.661027585994248, -14.437499291784835
23.70021720668535, -12.07824763708264, -14.450000764438329
25.292202908813632, -8.215621077705599, -14.4625015704759
26.29015514300535, -4.1601732167791265, -14.475000095016751
26.63563885657147, 5.760003433977553e-05, -14.487498473143756
26.275747594421475, 4.157939307947428, -14.499999261027135
25.264128714321537, 8.206538837678668, -14.512500734993745
23.660735261601424, 12.058242995395883, -14.525001527491467
21.502121757426305, 15.626869546855351, -14.537500038509103
18.80869513076563, 18.808755603613236, -14.549998403082958
15.618283957268044, 21.49033847044693, -14.562499177411507
12.044839670989901, 23.634448606565275, -14.575000645297692
8.192798176775089, 25.222054888893172, -14.587501425532672
4.148707823702526, 26.218164655777066, -14.599999899999853
-4.440892098500626e-16, 26.570686127566542, -14.599999899999853
3.552713678800501e-14, 26.56347029015006, -14.612498097024357
-4.146383103530954, 26.20377164390344, -14.624999013486663
-8.183644612281173, 25.194003875218534, -14.637500688682023
-12.024778503472257, 23.594994631212817, -14.6500016129515
-15.5840838686366, 21.44309865647204, -14.662499967605768
-18.757708604771334, 18.757680258653075, -14.674998156155572
-21.431309171619798, 15.575505778647289, -14.68749906412759
-23.56870128847837, 12.011387682605626, -14.700000730822593
-25.151922872723283, 8.16992353389071, -14.7125016465883
-26.146182058940482, 4.137172574699226, -14.724999992740063
-26.491301462717054, -3.935677088404893e-05, -14.737498172802704
-26.131774729650495, -4.134933271188246, -14.74999907227804
-25.123851521120656, -8.16083169092075, -14.762500730472858
-23.529225713275203, -11.99136906754395, -14.77500163774054
-21.3840485622215, -15.541332888293251, -14.787499975403009
-18.706641028392454, -18.706685769900268, -14.799998146966002
-15.532746825375323, -21.37226478344784, -14.812499037938117
-11.977967092458027, -23.50293803418633, -14.825000696173435
-8.147090904950455, -25.08177707715162, -14.83750159553049
-4.1256957580492575, -26.074189755589387, -14.849999900016606
0.0, -26.426348560259463, -14.849999900016606
4.440892098500626e-16, -26.419132722020613, -14.862498098465474
4.123368426421081, -26.059797199873557, -14.87499901635318
8.137935771630142, -25.05372659485804, -14.887500701514472
11.957908596780271, -23.46348253771882, -14.900001627789877
15.498552760896422, -21.325019249400967, -14.912499959165583
18.655648346088427, -18.655616262474155, -14.924998290419271
21.31323807706152, -15.489962832357222, -14.937499175006915
23.437194957329186, -11.944506208058236, -14.950000816041193
25.01164824802305, -8.124206513290671, -14.962501724692554
26.00220898817021, -4.114149560632724, -14.975000063722069
26.34696385848912, 5.6619238289834365e-05, -14.987498236705553
25.987802152967937, 4.111907079353883, -14.999999129086554
24.983576362617022, 8.115116297717025, -15.012500780176492
23.39771557324671, 11.924495246505018, -15.025001680334535
21.26597120152494, 15.455798894724836, -15.037500010885807
18.604574709018113, 18.604627920847165, -15.04999817535922
15.447228889722401, 21.25417596170302, -15.062499059231776
11.911107395934128, 23.371420793288678, -15.075000710362291
8.101388629255846, 24.941497629604545, -15.087501602614278
4.102685866071536, 25.930214493343126, -15.099999899999853
-8.881784197001252e-16, 26.282010992971724, -15.099999899999853
3.5527136788005e-14, 26.27479528056797, -15.112497880495953
-4.100351467990579, 25.91582245200338, -15.124998900999309
-8.092222745126085, 24.913450386170048, -15.137500762351483
-11.891030472600304, 23.331974065643475, -15.15000179365305
-15.413011549784548, 21.20694475341728, -15.162499933352535
-18.553584908768954, 18.553555732002902, -15.174998073102167
-21.195134183249813, 15.404461721992352, -15.187499060541494
-23.30566712835147, 11.877665899338202, -15.200000885147318
-24.87136157472973, 8.078523254892135, -15.212501899824215
-25.85822660499882, 4.091159632473042, -15.225000022893173
-26.202626343562446, -3.327573332598962e-05, -15.237498146074916
-25.843824292657576, -4.088885516344784, -15.249999116915776
-24.84330003651414, -8.069400604157728, -15.262500915665468
-23.26620588219867, -11.85761752641973, -15.275001912515277
-21.14789178285684, -15.370258116731012, -15.287500043851415
-18.502515436863032, -18.502563199978212, -15.299997988948544
-15.361696719749958, -21.136089566908304, -15.312498974001663
-11.84423978248356, -23.239905706313813, -15.325000799880995
-8.055681916632818, -24.801217748934288, -15.337501795713944
-4.079672832564048, -25.78623217518727, -15.349999899978105
0.0, -26.13767342568688, -15.349999899978105
4.440892098500626e-16, -26.130457717964774, -15.362497872365356
4.077332463547622, -25.771841177026804, -15.37499888475362
8.04650756739071, -24.773173361441486, -15.387500728745955
11.824152903241595, -23.200463869917783, -15.400001750723222
15.327466989241872, -21.088865732261, -15.412499907196404
18.451514248675622, -18.451502406715413, -15.424997877336924
21.077043867912252, -15.318933279379271, -15.437498887475503
23.174147144135112, -11.810807976426958, -15.45000072921707
24.731076772072175, -8.032831739238969, -15.462501748944096
25.714241065236177, -4.06816594447389, -15.474999903169488
26.058288935055664, 1.2981890342539505e-05, -15.487497871059512
25.699849100196957, 4.065831474166945, -15.499998878946574
24.703033362239758, 8.023654449737029, -15.512500727682319
23.134707762391116, 11.790716119140278, -15.525001746376219
21.029826431727184, 15.284694434492774, -15.537499873489699
18.400480170511052, 18.400474311608875, -15.549998000611398
15.27615127722253, 21.018011166006442, -15.562498975426024
11.777364327817518, 23.108394429483848, -15.57500078741542
8.009974109844071, 24.66093825777718, -15.58750178949438
4.056659495998586, 25.64224990583495, -15.599999899999853
-4.440892098500626e-16, 25.99333585837692, -15.599999899999853
3.5527136788005e-14, 25.986120285371292, -15.612497639051321
-4.054315474701047, 25.627858839311248, -15.62499876030897
-8.000796658322948, 24.63289457217638, -15.637500798001877
-11.757282788733695, 23.068949383811972, -15.650001929643004
-15.241931007340753, 20.97077825775044, -15.662499884016832
-18.349452360468106, 18.349440363376527, -15.674997615627753
-20.95897240346885, 15.233373521232616, -15.687498729441202
-23.042642495431473, 11.74391764105022, -15.700000765708136
-24.590803125813917, 7.987103427537073, -15.712501901816875
-25.570258441334843, 4.045131866876959, -15.724999840833597
-25.913951420359943, -2.3862864362063427e-05, -15.73749777992628
-25.55585199659357, -4.042877683571206, -15.749998870923308
-24.56273681956788, -7.977994084403827, -15.76250086786494
-23.003175480089833, -11.723879262221685, -15.775001987827633
-20.911717709768222, -15.199181670530997, -15.787499910695391
-18.298394300321025, -18.29843617281861, -15.799997833693872
-15.190608246245217, -20.899923024171894, -15.812498908567221
-11.710489886713827, -22.976880729533715, -15.825000889374728
-7.964260395472866, -24.52065876543162, -15.837501993204429
-4.033641966296505, -25.49826050546444, -15.849999899954664
0.0, -25.8489982911056, -15.849999899954664
4.440892098500626e-16, -25.84178271347294, -15.862497647020385
4.031293413234803, -25.48387022976405, -15.874998776299236
7.9550797371342306, -24.49261617590254, -15.887500822012978
11.690403669408685, -22.937437864644423, -15.90000196166871
15.156382188022445, -20.852692729201145, -15.912499924041295
18.247388426195066, -18.247380113184185, -15.924997663681179
20.840851507030226, -15.147874595785565, -15.937498785523296
22.9111077335996, -11.677084791173288, -15.950000829811398
24.450512019486133, -7.941424719025069, -15.962501973928495
25.426264188758257, -4.022142598615957, -15.97499992092843
25.769613802202144, 5.4705739317298825e-06, -15.987497868067063
25.411865981592012, 4.019839775873679, -15.999998967097557
24.422460275494092, 7.932271345295816, -16.012500966044936
22.871662299252655, 11.657003460857283, -16.025002082109594
20.793627186639355, 15.113639885771597, -16.037500020887492
18.196328942191837, 18.196377464657807, -16.04999773700681
15.105084348500819, 20.781819938124915, -16.062498835290427
11.643634833349836, 22.845357196302867, -16.075000856003378
7.918560552065228, 24.380374714677554, -16.087501976548122
4.010631768789828, 25.35426985113029, -16.09999989999985
-4.440892098500626e-16, 25.7046607237821, -16.09999989999985
3.543833661408246e-14, 25.697336690033488, -16.112497413443226
-4.008238279069583, 25.339670427556445, -16.12499864597161
-7.9092658724701925, 24.352040529663658, -16.13750087238409
-11.623335376992038, 22.805554785093445, -16.150002130802473
-15.070518147426755, 20.734175369667042, -16.162499885212583
-18.14485780027889, 18.144865030134284, -16.174997642822365
-20.72215398095851, 15.06189489769401, -16.18749885421963
-22.778847651735376, 11.609838349135899, -16.200001040103068
-24.309336703446686, 7.895432122789503, -16.212502282886437
-25.281216704020277, 3.9989688014495433, -16.22500002163948
-25.624081575062707, 3.1932144417420427e-06, -16.237497763710504
-25.266608030090254, -3.9966284355665387, -16.249998959518905
-24.280891144930056, -7.886142274828703, -16.262501123662037
-22.738850497819534, -11.589462276070531, -16.275002337951534
-20.6742452395925, -15.027146561430586, -16.287500070675495
-18.093045514063306, -18.093079303960256, -16.299997553009245
-15.018455320638243, -20.662272142181802, -16.312498754363098
-11.57589701690178, -22.71217779939377, -16.325000949568505
-7.872235537484234, -24.23821177712186, -16.337502176776404
-3.9872841592051778, -25.208167396727784, -16.34999989999985
0.0, -25.55815090441296, -16.34999989999985
2.109445831850252e-16, -25.550826870664554, -16.362497413442874
3.9848908276946036, -25.193567984768883, -16.3749986459708
7.862913296802506, -24.209777103734808, -16.387500872382788
11.55551559297909, -22.672183382920245, -16.400002130800765
14.983718515649937, -20.614355250757747, -16.412499885210657
18.041263072848555, -18.041263583993384, -16.424997642820248
20.60236036819927, -14.975057811914567, -16.43749885421736
22.645494580946984, -11.541982044724085, -16.450001040100606
24.16708396519058, -7.849047295033888, -16.462502282883825
25.135119700314796, -3.9755894985478974, -16.475000021637122
25.4775717556828, 3.164224183755861e-05, -16.487497763708472
25.120499153919546, 3.973318153652013, -16.4999989595173
24.138616530623956, 7.839823333395992, -16.512501123660634
22.60546544796519, 11.521669768930987, -16.52500233795
20.55441152040177, 14.940366238176859, -16.53750007067383
17.98942684171352, 17.989501802684416, -16.54999755300745
14.931664763135133, 20.5424456357453, -16.562498754361535
11.508086768887202, 22.57880164478412, -16.575000949567418
7.825889070599786, 24.09594630457818, -16.58750217677582
3.963941870634411, 25.062064030592, -16.59999989999985
-4.440892098500626e-16, 25.411641085043836, -16.59999989999985
3.197442310920451e-14, 25.403130037850595, -16.61249723398032
-3.9611826381199133, 25.045162919981358, -16.6249985494312
-7.815505426923216, 24.06426233010174, -16.637500913144073
-11.485614082715085, 22.53475714170123, -16.650002257848247
-14.893473862556169, 20.489835041332153, -16.662499859321336
-17.932623675266367, 17.93263209871661, -16.67499746440598
-20.475965533930065, 14.883427760459444, -16.687498756526573
-22.50401440753768, 11.46999803412559, -16.70000107475864
-24.015064436539568, 7.799535148577264, -16.712502404321967
-24.97750185734729, 3.9504462114107644, -16.724999990631296
-25.3180011734109, -3.603850616695821e-05, -16.73749758067512
-24.960576684204856, -3.947825448569528, -16.749998857702472
-23.982257416443858, -7.788918555268258, -16.762501155229288
-22.4578932743269, -11.446583187318101, -16.775002457572754
-20.420479368043903, -14.843248129579582, -16.787500042068277
-17.87239708754487, -17.872468730248247, -16.799997355818633
-14.83317766469616, -20.40662727680383, -16.812498650986527
-11.43092968329915, -22.427169532607103, -16.825000994387388
-7.772884551549135, -23.933080959423343, -16.83750231877155
-3.9370139387679695, -24.89292886012072, -16.84999989993229
0.0, -25.24138382849131, -16.84999989993229
2.3314445618554175e-16, -25.2328727897515, -16.86249722150003
3.934247232388822, -24.876029093192827, -16.874998524525637
7.762139309962679, -23.900316892127528, -16.887500870225104
11.40740411589302, -22.381103969758694, -16.90000219042133
14.792905489615704, -20.351206471369522, -16.912499792825365
17.81222129134212, -17.81225468884646, -16.92499712425763
20.33728317573684, -14.782936049426336, -16.937498437182107
22.350322286452517, -11.391866238163896, -16.95000079280288
23.851094392442818, -7.746243478878089, -16.96250212293083
24.808354919347146, -3.9235872660266846, -16.974999735274018
25.147744260079648, -3.150462750725951e-05, -16.987497076592902
24.791464681403845, 3.920765681052447, -16.999998399426616
23.81834887617562, 7.735442305755931, -17.012500770556485
22.304283653840457, 11.36828661615787, -17.02500212270118
20.281897426941413, 14.742613867830997, -17.037499731643894
17.752072785519715, 17.752012922196535, -17.04999734407876
14.73263175919197, 20.267982846717953, -17.062498643593763
11.352737415974762, 22.27350744973953, -17.075000969241774
7.719537342275872, 23.76912918481858, -17.08750230623841
3.9100899202211457, 24.72379301062935, -17.09999989999985
-8.881784197001252e-16, 25.0711265718468, -17.09999989999985
3.197442310920451e-14, 25.06092045106643, -17.112497111552567
-3.906803304481662, 24.703603614090476, -17.12499846109443
-7.707277051709639, 23.731714668911973, -17.13750088440514
-11.32623776805773, 22.221637785054313, -17.15000225279214
-14.687445045291359, 20.205839771268007, -17.16249976282106
-17.684642498299954, 17.68466695533613, -17.174996989558647
-20.189258882941743, 14.675465750873805, -17.1874983543341
-22.185071811905544, 11.307687589830259, -17.20000079854143
-23.673196519673127, 7.688335392425367, -17.212502194436716
-24.622771298396408, 3.894054029117305, -17.2249997060353
-24.95883638108628, -4.175727183172188e-06, -17.237497221356406
-24.60256594032657, -3.8908580955416276, -17.249998563638382
-23.634204552826894, -7.675652694773432, -17.26250096183027
-22.130269860841025, -11.279761543771418, -17.275002342956938
-20.12304722100818, -14.627379490882356, -17.28749983976178
-17.612456513862583, -17.612483985119923, -17.299997340419782
-14.615367914524406, -20.10648881634193, -17.312498667983363
-11.261166349890367, -22.093726268667456, -17.325001051433496
-7.656642826929756, -23.575709007274092, -17.337502417805972
-3.8780276869154333, -24.52174762634155, -17.34999989985284
0.0, -24.8669586114318, -17.34999989985284
2.1094484757129429e-16, -24.856752487086787, -17.3624971157704
3.8747410519826264, -24.501558247443924, -17.374998469681515
7.643882658465712, -23.536743104534263, -17.387500897361402
11.233178982332442, -22.03895530845436, -17.40000227011395
14.567228739243745, -20.04031479590135, -17.412499784497516
17.540261357675046, -17.54031096705347, -17.424997015610277
20.023671674696523, -14.555337843218885, -17.437498384759998
22.002347737634395, -11.214711936181013, -17.450000827702915
23.47820105373171, -7.625012787893711, -17.462502215725607
24.42071403395495, -3.862060052336345, -17.474999745376536
24.754668608069693, -4.882469877165859e-05, -17.48749699171916
24.400542169396545, 3.858672416690804, -17.49999837612422
23.439266009098926, 7.612159560639727, -17.512500834330147
21.947621009770387, 11.186635768456146, -17.52500223760933
19.957553783475714, 14.507118491169411, -17.537499782490755
17.468128806569837, 17.468074935852393, -17.549997044098472
14.495227391095588, 19.9409107727737, -17.562498443775404
11.16817050800647, 21.911012440839848, -17.575000922877887
7.593291173440058, 23.38072326250259, -17.587502353632917
3.84598901304182, 24.319698143639915, -17.59999989999985
-4.440892098500626e-16, 24.66279065077671, -17.59999989999985
3.197442310920451e-14, 24.650462088983506, -17.61249710300382
-3.8420381597364788, 24.2953878583461, -17.62499846713637
-7.578604404057218, 23.33592874354795, -17.63750091526643
-11.136401445292183, 21.84898094944557, -17.6500023107319
-14.440869818644435, 19.86635255102882, -17.662499800992865
-17.38688220000454, 17.386939729608855, -17.674997295106525
-19.84633989880274, 14.426514286296765, -17.687498636858138
-21.805087464961126, 11.114204872554621, -17.70000103326037
-23.265705167194678, 7.555954378130323, -17.712502401768102
-24.198045038716778, 3.826777976952581, -17.724999891072983
-24.52714888592595, 4.436239332899451e-05, -17.73749709543743
-24.17373652526262, -3.8228169343786567, -17.749998460934137
-23.21896435900048, -7.540637270426272, -17.762500910430273
-21.73941017002011, -11.080577237694643, -17.775002307262284
-19.766714899293625, -14.368477309932597, -17.78749979888909
-17.29973196888519, -17.299698747150806, -17.799997294366563
-14.354033432493186, -19.746764411815406, -17.812498637483998
-11.058297178980785, -21.69555843366993, -17.825001040893202
-7.517909200680698, -23.14876676610746, -17.837502423019906
-3.8074809917073478, -24.076406869854452, -17.84999989992548
0.0, -24.416164229936413, -17.84999989992548
-2.3314434244758437e-16, -24.40383567750216, -17.86249709344247
3.80354914284454, -24.052093299243843, -17.874998448078422
7.502628538919332, -23.10201389465047, -17.887500881072114
11.02472195400168, -21.62985502958854, -17.90000225479536
14.296049873931096, -19.667101899676876, -17.912499749354286
17.21249009280408, -17.2125498766465, -17.92499695883775
19.64707913333884, -14.281709167181276, -17.937498329493003
21.585953779655075, -11.00254135743186, -17.95000077853819
23.03178497944802, -7.479995194624694, -17.96250216832578
23.954747105822282, -3.7883094558179264, -17.974999678955143
24.280522653394595, -6.284624705270417e-05, -17.987496904441496
23.93045546144743, 3.7842512502184595, -17.999998291133977
22.985070932519392, 7.464597510345852, -18.01250076187158
21.52030777178073, 10.96885088447219, -18.02500217996579
19.567489528847183, 14.223621520207514, -18.037499692866156
17.12536685087744, 17.125281554132815, -18.049997209513155
14.20924366443679, 19.54749254921618, -18.06249857385341
10.946640606509042, 21.47642103544128, -18.07500099850394
7.441948072601571, 22.914846992681614, -18.08750240187291
3.768998968880294, 23.833111070597266, -18.09999989999985
-4.440892098500626e-16, 24.169537808949375, -18.09999989999985
3.197442310920451e-14, 24.15435472175667, -18.112497209462664
-3.7641952568476618, 23.803244931507958, -18.124998526649144
-7.424109723229409, 22.86022194375844, -18.137500891909006
-10.908026649463485, 21.40089812206242, -18.150002226509457
-14.142957786858712, 19.456491921564282, -18.162499819437524
-17.025995578396994, 17.02603682682005, -18.174997139561317
-19.431986975971856, 14.125221214860238, -18.187498467438054
-21.347208986411545, 10.880745763276511, -18.2000008490021
-22.774263569305752, 7.396316869621191, -18.212502206437286
-23.683694388612277, 3.7454267896094446, -18.22499979671153
-24.002490942218976, 1.037867044375919e-05, -18.237497390578874
-23.653826462307368, -3.7406313465778833, -18.249998695263972
-22.71700766407465, -7.3776470358138235, -18.262501025674148
-21.266762239868765, -10.839640994413541, -18.275002355906334
-19.33415734639796, -14.053990232445809, -18.28749994443363
-16.9186416579415, -16.918623034424467, -18.299997260270978
-14.036244327660942, -19.30965897320457, -18.312498583827974
-10.81234693277139, -21.213079719398444, -18.325000961045696
-7.349832100945467, -22.631056672795726, -18.33750231411558
-3.7218356471761913, -23.53428073046325, -18.34999989999985
0.0, -23.865810689966594, -18.34999989999985
-2.1094476435533652e-16, -23.85062760277319, -18.362497209463235
3.7170376662420375, -23.504413572297636, -18.374998526650177
7.331153731585689, -22.57380393182092, -18.387500891910292
10.77122867124747, -21.132640061892573, -18.40000222651084
13.964995213388315, -19.211842483084048, -18.412499819439006
16.81122639562071, -16.811270998658493, -18.424997139562883
19.187294738540192, -13.947319409524761, -18.437498467439465
21.078924184319263, -10.744001219164746, -18.45000084900309
22.48783258503597, -7.30339984191666, -18.462502206437957
23.384857722292665, -3.698299818957887, -18.474999796712446
23.698763823196906, -3.8844289861731917e-05, -18.48749739058021
23.354992089416754, 3.6934911525503287, -18.499998695265873
22.43058353816832, 7.284709377870913, -18.51250102567638
20.998496154559625, 10.702859032220998, -18.525002355908406
19.089495690173052, 13.876045004087949, -18.53749994443556
16.703860910318276, 16.70386877112148, -18.549997260272793
13.858302245650131, 19.064995079409343, -18.56249858382948
10.675562878484193, 20.944814676965226, -18.575000961046804
7.2568805545215405, 22.344637193378965, -18.587502314116225
3.6746786774930906, 23.23544928431462, -18.59999989999985
-4.440892098500626e-16, 23.56208357098384, -18.59999989999985
3.197442310920451e-14, 23.54257201200475, -18.612497489398972
-3.668565117943432, 23.19715035379194, -18.624998673699423
-7.234328748770476, 22.275410907636896, -18.637500827147573
-10.626802628315442, 20.849436731053483, -18.65000203695142
-13.774468988503827, 18.94994994809828, -18.662499855020034
-16.578099306625198, 16.57813074519219, -18.674997676055835
-18.918528029928307, 13.75173482643342, -18.68749883958918
-20.780794971429614, 10.591909475158891, -18.700000952937632
-22.16550255096167, 7.19879789784417, -18.71250214689027
-23.04387257641942, 3.6445277220390695, -18.724999949098017
-23.34741837362118, 1.8332284372535875e-05, -18.737497754351683
-23.005565671351736, -3.638458586400038, -18.749998902065443
-22.092273092309313, -7.174992083167511, -18.762500999579544
-20.677934516461185, -10.539355755024374, -18.775002177694525
-18.79312924716157, -13.660374067295578, -18.787499964074392
-16.440109990543036, -16.44013155313582, -18.79999775351268
-13.637562325219452, -18.761762116815092, -18.812498885393836
-10.504381324473306, -20.609333663700973, -18.825000967073017
-7.139372783102028, -21.982394503531175, -18.83750212936363
-3.614332099932967, -22.852303779923904, -18.84999989994865
0.0, -23.171777121636385, -18.84999989994865
-2.331446975911518e-16, -23.152265556489187, -18.862497493298584
3.608233914850489, -22.814002133060832, -18.87499868155348
7.115552522911475, -21.90917008206746, -18.8875008389559
10.451833922590847, -20.506470302931476, -18.90000205271088
13.546217755582761, -18.636352201618358, -18.912499874722407
16.302117423990072, -16.302135901332242, -18.924997699717647
18.604964363762225, -13.5234351752712, -18.937498867208756
20.437852572839684, -10.41689269830734, -18.950000978421958
21.799275831830336, -7.079979351151428, -18.96250216434078
22.660730817755812, -3.584159256535047, -18.974999981481695
22.957112230973603, 1.1206145923303152e-05, -18.98749755785392
22.622423619493176, 3.578093411832934, -18.99999872909948
21.726043358760194, 7.056183258440071, -19.01250086947756
20.334981170923008, 10.364361362993533, -19.025002066208376
18.47954880141192, 13.432098595994459, -19.03749987121128
16.164136840461865, 16.16412819304761, -19.049997679194924
13.40928813607692, 18.44818065536944, -19.062498829660978
10.329392656166856, 20.266377293192686, -19.075000929939684
7.020582947137317, 21.61615828753928, -19.08750211083057
3.5539907684274636, 22.469157372545304, -19.09999989999985
0.0, 22.781470672129075, -19.09999989999985
