1.0083311963171582e-10, 38.6621152132138, -0.09999989999999633
-6.244341013085695, 38.66279949591431, -0.09999989999999633
-12.48868296728478, 38.664598028112046, -0.09999989999999633
-18.730108435916577, 38.667480374069285, -0.09999989999999633
-23.991898538566915, 38.67366935035891, -0.09999989999999633
-28.31217129403273, 38.04600982668812, -0.09999989999999633
-31.780529272047396, 36.484509803210024, -0.09999989999999633
-34.67374964640205, 34.132796587674626, -0.09999989999999633
-36.8695163293793, 31.119435467253947, -0.09999989999999633
-38.241587524844924, 27.599174230120205, -0.09999989999999633
-38.67239489631341, 23.400755195521384, -0.09999989999999633
-38.665591305138314, 14.978105315916133, -0.09999989999999633
-38.66260497755893, 5.213309594678796, -0.09999989999999633
-38.662492663483675, -4.530691570192737, -0.09999989999999633
-38.66567589445128, -15.173414556367211, -0.09999989999999633
-38.66129673079758, -24.67445328692835, -0.09999989999999633
-36.79054746397442, -31.261664131532022, -0.09999989999999633
-32.56556887798716, -35.963623993917054, -0.09999989999999633
-26.65126260362334, -38.44274722702658, -0.09999989999999633
-15.519929981188522, -38.66582885240275, -0.09999989999999633
0.0, -38.662115213213845, -0.09999989999999633
0.0, -38.662115213213845, -0.09999989999999633
6.244341012827471, -38.66279949591431, -0.09999989999999633
12.488682966666142, -38.664598028111826, -0.09999989999999633
18.730108434959362, -38.66748037406872, -0.09999989999999633
23.991898537448083, -38.67366935035894, -0.09999989999999633
28.312171292951582, -38.04600982701461, -0.09999989999999633
31.78052927090159, -36.48450980391775, -0.09999989999999633
34.67374964501739, -34.1327965891349, -0.09999989999999633
36.869516328097184, -31.119435469593817, -0.09999989999999633
38.24158752402215, -27.599174233449368, -0.09999989999999633
38.672394896320306, -23.400755199867877, -0.09999989999999633
38.665591305141504, -14.978105323219676, -0.09999989999999633
38.66260497756002, -5.213309600905255, -0.09999989999999633
38.6624926634828, 4.530691564609635, -0.09999989999999633
38.665675894449414, 15.17341455195756, -0.09999989999999633
38.6612967309009, 24.674453284401, -0.09999989999999633
36.79054746451931, 31.261664130563485, -0.09999989999999633
32.56556887877532, 35.96362399335656, -0.09999989999999633
26.65126260438145, 38.44274722689157, -0.09999989999999633
15.519929982066984, 38.665828852403116, -0.09999989999999633
1.5707435352396715e-12, 38.6621152132138, -0.09999989999999633
9.489298236076138e-11, 36.76891261997692, -0.5999998999999964
-21.53444910392163, 36.78736338334454, -0.5999998999999964
-29.645253426740705, 34.976738427608645, -0.5999998999999964
-34.81013116884511, 29.934784794494313, -0.5999998999999964
-36.79167510239908, 22.638328333575195, -0.5999998999999964
-36.77504019446462, 13.272156525998264, -0.5999998999999964
-36.76954419873653, 3.905914707767377, -0.5999998999999964
-36.77031846974691, -6.011225210384369, -0.5999998999999964
-36.778223088205486, -16.56256813821144, -0.5999998999999964
-36.74699364932207, -23.80129010269707, -0.5999998999999964
-35.9366485618084, -27.54193788375349, -0.5999998999999964
-34.36041064396665, -30.645904451219007, -0.5999998999999964
-32.09182501651449, -33.237495744132474, -0.5999998999999964
-29.253037103885706, -35.188240960499265, -0.5999998999999964
-25.978080572880994, -36.40334736767749, -0.5999998999999964
-22.14610218000415, -36.789655312948625, -0.5999998999999964
-17.716915066432726, -36.779602606154754, -0.5999998999999964
-13.287687650377633, -36.77505345933094, -0.5999998999999964
-8.858458548407642, -36.77180407657981, -0.5999998999999964
-4.42922895145217, -36.769710589002685, -0.5999998999999964
0.0, -36.76891261997695, -0.5999998999999964
2.220446049250313e-16, -36.76891261997696, -0.5999998999999964
21.534449103715538, -36.787363383343795, -0.5999998999999964
29.6452534263234, -34.97673842784227, -0.5999998999999964
34.81013116910142, -29.934784794060576, -0.5999998999999964
36.79167510239657, -22.63832833177678, -0.5999998999999964
36.77504019446253, -13.272156523538241, -0.5999998999999964
36.76954419873559, -3.9059147046000606, -0.5999998999999964
36.77031846974877, 6.011225214692693, -0.5999998999999964
36.77822308821129, 16.562568143401357, -0.5999998999999964
36.74699364912422, 23.801290105150347, -0.5999998999999964
35.93664856107252, 27.541937885788744, -0.5999998999999964
34.36041064264217, 30.645904453179895, -0.5999998999999964
32.091825014903435, 33.23749574556403, -0.5999998999999964
29.253037102298883, 35.188240961322826, -0.5999998999999964
25.97808057134299, 36.403347368041835, -0.5999998999999964
22.14610217838602, 36.789655312942436, -0.5999998999999964
17.716915065138682, 36.779602606153205, -0.5999998999999964
13.287687649412037, 36.77505345933002, -0.5999998999999964
8.858458547766723, 36.77180407657942, -0.5999998999999964
4.42922895113346, 36.76971058900258, -0.5999998999999964
1.4779288903810084e-12, 36.76891261997692, -0.5999998999999964
9.129763611781527e-11, 35.68838736684513, -1.0999998999999963
-17.904459912579114, 35.70102690909438, -1.0999998999999963
-26.438351682731142, 34.932145170124905, -1.0999998999999963
-31.527300894793516, 31.810573088749795, -1.0999998999999963
-34.7825384669711, 26.849425021135655, -1.0999998999999963
-35.705117599138255, 19.843658389840606, -1.0999998999999963
-35.69320826935249, 10.87090012614038, -1.0999998999999963
-35.68857243488154, 1.8981300250127129, -1.0999998999999963
-35.691007746757, -7.834394522334856, -1.0999998999999963
-35.701087643072825, -17.94142579785749, -1.0999998999999963
-35.5861133773851, -23.686453786728233, -1.0999998999999963
-34.649857854302745, -27.184528780196413, -1.0999998999999963
-32.987278793705045, -30.139507066099018, -1.0999998999999963
-30.665330479536966, -32.57851189695851, -1.0999998999999963
-27.815049866170337, -34.37243587196624, -1.0999998999999963
-24.499478421301138, -35.45297624823061, -1.0999998999999963
-20.260429861498423, -35.706361619797654, -1.0999998999999963
-15.19533275258534, -35.69738388773078, -1.0999998999999963
-10.130222469804746, -35.69261570278233, -1.0999998999999963
-5.065111015198746, -35.689552909930136, -1.0999998999999963
0.0, -35.688387366845156, -1.0999998999999963
4.440892098500626e-16, -35.688387366845156, -1.0999998999999963
17.904459911366267, -35.70102690909238, -1.0999998999999963
26.43835168210765, -34.93214517034118, -1.0999998999999963
31.52730089448167, -31.810573089052465, -1.0999998999999963
34.7825384669515, -26.84942502118695, -1.0999998999999963
35.70511759913927, -19.84365839020691, -1.0999998999999963
35.69320826935304, -10.870900126787854, -1.0999998999999963
35.68857243488167, -1.8981300258425113, -1.0999998999999963
35.691007746756284, 7.834394521216772, -1.0999998999999963
35.70108764307053, 17.941425796558992, -1.0999998999999963
35.58611337748181, 23.686453786013626, -1.0999998999999963
34.649857854653476, 27.18452877934247, -1.0999998999999963
32.98727879441486, 30.13950706513833, -1.0999998999999963
30.665330480413708, 32.57851189624179, -1.0999998999999963
27.81504986713797, 34.372435871511605, -1.0999998999999963
24.499478422366767, 35.45297624802487, -1.0999998999999963
20.260429862716645, 35.706361619801584, -1.0999998999999963
15.195332753543173, 35.69738388773182, -1.0999998999999963
10.130222470448647, 35.692615702782824, -1.0999998999999963
5.065111015523848, 35.68955290993021, -1.0999998999999963
1.4219736499399005e-12, 35.68838736684513, -1.0999998999999963
8.828493491819245e-11, 34.81717614921478, -1.5999998999999963
-12.283095137765734, 34.82312939396026, -1.5999998999999963
-21.893011719696542, 34.816662619465454, -1.5999998999999963
-26.356064861922132, 33.805470536310885, -1.5999998999999963
-29.953248755216435, 31.648081093428935, -1.5999998999999963
-32.701383236420625, 28.505857711470384, -1.5999998999999963
-34.376663339834494, 24.646280303172297, -1.5999998999999963
-34.83377394146556, 19.580355385487074, -1.5999998999999963
-34.82232525811952, 11.357206318147496, -1.5999998999999963
-34.817382553192736, 2.0249756646713855, -1.5999998999999963
-34.8199228278825, -8.100410643575835, -1.5999998999999963
-34.831120815548516, -18.54658462146231, -1.5999998999999963
-34.59205946036102, -23.694378220623697, -1.5999998999999963
-33.41102208318939, -27.235989739311787, -1.5999998999999963
-31.423135075601834, -30.215762192546016, -1.5999998999999963
-28.7235211628894, -32.561203049518596, -1.5999998999999963
-25.503478971079257, -34.12076796744561, -1.5999998999999963
-21.61469635433991, -34.829930049779264, -1.5999998999999963
-15.96056267324791, -34.826981797091065, -1.5999998999999963
-7.986066341647103, -34.8198510528273, -1.5999998999999963
0.0, -34.817176149214795, -1.5999998999999963
2.220446049250313e-16, -34.817176149214795, -1.5999998999999963
12.28309513812384, -34.8231293939606, -1.5999998999999963
21.893011719946713, -34.81666261945093, -1.5999998999999963
26.356064862201652, -33.80547053619675, -1.5999998999999963
29.953248755753194, -31.64808109298084, -1.5999998999999963
32.701383237130564, -28.505857710344543, -1.5999998999999963
34.37666334036355, -24.64628030116483, -1.5999998999999963
34.83377394145489, -19.580355382005237, -1.5999998999999963
34.82232525811447, -11.357206312065065, -1.5999998999999963
34.81738255319142, -2.0249756577879205, -1.5999998999999963
34.81992282788801, 8.100410652276734, -1.5999998999999963
34.8311208155659, 18.54658462952111, -1.5999998999999963
34.59205945963404, 23.69437822445562, -1.5999998999999963
33.41102208157421, 27.23598974260078, -1.5999998999999963
31.423135073332713, 30.215762195126434, -1.5999998999999963
28.723521160260304, 32.56120305124764, -1.5999998999999963
25.503478968316944, 34.12076796836802, -1.5999998999999963
21.6146963514622, 34.829930049886535, -1.5999998999999963
15.960562670007112, 34.82698179708698, -1.5999998999999963
7.986066339959703, 34.81985105282625, -1.5999998999999963
1.3751222383007189e-12, 34.81717614921478, -1.5999998999999963
8.527933914592722e-11, 33.95115074543031, -2.0999998999999963
-11.895263874979133, 33.95662567676759, -2.0999998999999963
-21.187640467113766, 33.94750599033486, -2.0999998999999963
-25.575790231223646, 32.94789409892192, -2.0999998999999963
-29.129897058394267, 30.81775210066819, -2.0999998999999963
-31.848030677977963, 27.714664842863122, -2.0999998999999963
-33.507487088817804, 23.9062706499648, -2.0999998999999963
-33.9664738221919, 18.959022920586772, -2.0999998999999963
-33.95589784148912, 11.013185580218416, -2.0999998999999963
-33.951342742753326, 1.9728039861369018, -2.0999998999999963
-33.95367067980019, -7.834417814416157, -2.0999998999999963
-33.96398039030116, -17.947389817072466, -2.0999998999999963
-33.72473421369068, -22.952783550882295, -2.0999998999999963
-32.5589143619797, -26.443606492300766, -2.0999998999999963
-30.595685121219365, -29.389385625128135, -2.0999998999999963
-27.928983069859207, -31.709728628161308, -2.0999998999999963
-24.748161007825395, -33.254635174081734, -2.0999998999999963
-20.927336083103533, -33.96058213882013, -2.0999998999999963
-15.463300728924553, -33.96018127529118, -2.0999998999999963
-7.7382089232325395, -33.953613346751055, -2.0999998999999963
0.0, -33.95115074543036, -2.0999998999999963
6.661338147750939e-16, -33.95115074543036, -2.0999998999999963
11.895263871569881, -33.95662567676466, -2.0999998999999963
21.187640464185964, -33.94750599051121, -2.0999998999999963
25.5757902282003, -32.94789410015239, -2.0999998999999963
29.129897055190977, -30.81775210333935, -2.0999998999999963
31.84803067533999, -27.714664847037664, -2.0999998999999963
33.50748708725161, -23.906270655861565, -2.0999998999999963
33.96647382222009, -18.959022930143984, -2.0999998999999963
33.955897841501596, -11.013185595744098, -2.0999998999999963
33.95134274275639, -1.9728040025179272, -2.0999998999999963
33.95367067978861, 7.8344177950524045, -2.0999998999999963
33.96398039026631, 17.94738980017487, -2.0999998999999963
33.72473421511541, 22.952783543414895, -2.0999998999999963
32.55891436480981, 26.443606486535888, -2.0999998999999963
30.595685124810558, 29.38938562103932, -2.0999998999999963
27.92898307353253, 31.709728625741118, -2.0999998999999963
24.748161011063086, 33.25463517299582, -2.0999998999999963
20.927336086127266, 33.960582138698165, -2.0999998999999963
15.463300732170437, 33.960181275295064, -2.0999998999999963
7.738208924928395, 33.953613346752086, -2.0999998999999963
1.3282708266615373e-12, 33.951150745430304, -2.0999998999999963
8.2273743373662e-11, 33.085125341645856, -2.5999998999999963
-8.408218980991162, 33.087914096628495, -2.5999998999999963
-16.810220184508886, 33.09586371398324, -2.5999998999999963
-21.404519487814124, 32.98779651666653, -2.5999998999999963
-24.498643695215723, 32.20722228529018, -2.5999998999999963
-27.171144421195972, 30.83395063539312, -2.5999998999999963
-29.45251582472903, 28.910225864430984, -2.5999998999999963
-31.24001071830262, 26.52054220179303, -2.5999998999999963
-32.45466745095053, 23.791389738121048, -2.5999998999999963
-33.07004190991614, 20.605088452620052, -2.5999998999999963
-33.09358354096668, 15.147329088061642, -2.5999998999999963
-33.086144053023915, 4.8924407163328665, -2.5999998999999963
-33.08654718702764, -5.855414614785086, -2.5999998999999963
-33.096449701593116, -17.146416039693733, -2.5999998999999963
-32.7560089083985, -22.692569301169183, -2.5999998999999963
-31.24726418125897, -26.5081282370442, -2.5999998999999963
-28.720992579391474, -29.6273977264518, -2.5999998999999963
-25.37155421670853, -31.84008858115166, -2.5999998999999963
-21.339155598958385, -32.996301883102895, -2.5999998999999963
-13.851455110215054, -33.09219509221167, -2.5999998999999963
0.0, -33.0851253416459, -2.5999998999999963
4.440892098500626e-16, -33.08512534164591, -2.5999998999999963
8.408218984428867, -33.08791409663066, -2.5999998999999963
16.81022019100358, -33.0958637139941, -2.5999998999999963
21.40451949199184, -32.987796516113455, -2.5999998999999963
24.498643700056007, -32.20722228344935, -2.5999998999999963
27.17114442642474, -30.833950631916135, -2.5999998999999963
29.452515829085602, -28.91022585980933, -2.5999998999999963
31.24001072156106, -26.520542196223015, -2.5999998999999963
32.45466745296979, -23.791389731809616, -2.5999998999999963
33.070041910443074, -20.605088445303643, -2.5999998999999963
33.09358354094477, -15.147329069281868, -2.5999998999999963
33.08614405301717, -4.892440698631911, -2.5999998999999963
33.08654718703536, 5.855414631764047, -2.5999998999999963
33.09644970161636, 17.146416052316376, -2.5999998999999963
32.756008907339535, 22.69256930578199, -2.5999998999999963
31.247264179499638, 26.50812824005917, -2.5999998999999963
28.720992577141224, 29.6273977284908, -2.5999998999999963
25.371554214370466, 31.840088582232852, -2.5999998999999963
21.339155596806663, 32.996301883377946, -2.5999998999999963
13.851455106462112, 33.09219509220792, -2.5999998999999963
1.2818635042322057e-12, 33.085125341645856, -2.5999998999999963
7.927525302875438e-11, 32.219099937861415, -3.0999998999999963
-6.099434998915826, 32.22057623953705, -3.0999998999999963
-12.198870604461447, 32.22445392524315, -3.0999998999999963
-17.476144889472785, 32.231218584896766, -3.0999998999999963
-21.259010898196294, 32.028979047852374, -3.0999998999999963
-24.320993108730708, 31.10388776770879, -3.0999998999999963
-26.977210383647417, 29.557225407717056, -3.0999998999999963
-29.192548147240228, 27.440384103453244, -3.0999998999999963
-30.852120496869922, 24.86431997903955, -3.0999998999999963
-31.893777911010385, 21.926007092283847, -3.0999998999999963
-32.23375960668606, 18.34564816965596, -3.0999998999999963
-32.22364233072231, 11.164390092613386, -3.0999998999999963
-32.219263949821446, 1.8800091333581608, -3.0999998999999963
-32.22131045687999, -7.5758492287150245, -3.0999998999999963
-32.22947652956796, -16.63868775468624, -3.0999998999999963
-31.75495748660948, -22.477983347104484, -3.0999998999999963
-29.667982843056194, -26.8275809097557, -3.0999998999999963
-26.187496151656138, -30.106124203292673, -3.0999998999999963
-21.693478675267322, -31.94489794636533, -3.0999998999999963
-14.517819929073848, -32.226613213974716, -3.0999998999999963
0.0, -32.219099937861465, -3.0999998999999963
6.661338147750939e-16, -32.219099937861465, -3.0999998999999963
6.09943500005822, -32.220576239537564, -3.0999998999999963
12.198870606668786, -32.22445392524497, -3.0999998999999963
17.476144891822955, -32.23121858490247, -3.0999998999999963
21.25901090062809, -32.02897904742273, -3.0999998999999963
24.320993111332015, -31.103887766573433, -3.0999998999999963
26.977210386470134, -29.557225405596295, -3.0999998999999963
29.192548149986752, -27.440384100122525, -3.0999998999999963
30.852120499112342, -24.864319974472306, -3.0999998999999963
31.893777912409224, -21.92600708617952, -3.0999998999999963
32.23375960666058, -18.345648162336147, -3.0999998999999963
32.223642330711044, -11.164390077437885, -3.0999998999999963
32.219263949819265, -1.8800091196473572, -3.0999998999999963
32.22131045688688, 7.575849241273611, -3.0999998999999963
32.22947652958195, 16.638687762506713, -3.0999998999999963
31.75495748531503, 22.47798335182601, -3.0999998999999963
29.667982840796473, 26.82758091285492, -3.0999998999999963
26.187496149136564, 30.10612420490966, -3.0999998999999963
21.693478672998772, 31.94489794684313, -3.0999998999999963
14.5178199260662, 32.22661321397162, -3.0999998999999963
1.2347900479880991e-12, 32.219099937861415, -3.0999998999999963
7.626965725648915e-11, 31.35307453407697, -3.5999998999999963
-4.797415236055933, 31.353974586203663, -3.5999998999999963
-9.594831528002112, 31.356341747309894, -3.5999998999999963
-14.392246176639595, 31.360171524240616, -3.5999998999999963
-18.82710860393776, 31.353599883516683, -3.5999998999999963
-21.962617797462766, 30.82133378987741, -3.5999998999999963
-24.62389483109877, 29.71292789052428, -3.5999998999999963
-26.9377467911784, 28.08919701691735, -3.5999998999999963
-28.83906257616517, 26.000923296240213, -3.5999998999999963
-30.242382943679587, 23.549754225918928, -3.5999998999999963
-31.112975221355406, 20.77772625979964, -3.5999998999999963
-31.36538806764044, 17.437605291527223, -3.5999998999999963
-31.35708372380517, 10.715952500779718, -3.5999998999999963
-31.35329201232438, 2.2385312881133443, -3.5999998999999963
-31.354743286849104, -6.68648362279694, -3.5999998999999963
-31.362559775008204, -16.177597857539944, -3.5999998999999963
-30.49703122687961, -22.925460848445713, -3.5999998999999963
-27.449494409744783, -27.613598836457314, -3.5999998999999963
-22.742318262466306, -30.564913054878094, -3.5999998999999963
-16.187121594131774, -31.36257643489342, -3.5999998999999963
0.0, -31.35307453407702, -3.5999998999999963
6.661338147750939e-16, -31.35307453407702, -3.5999998999999963
4.79741523611875, -31.35397458620386, -3.5999998999999963
9.594831528075966, -31.35634174731027, -3.5999998999999963
14.392246176734496, -31.360171524240716, -3.5999998999999963
18.82710860410671, -31.353599883508725, -3.5999998999999963
21.96261779767551, -30.82133378981453, -3.5999998999999963
24.623894831298358, -29.712927890414363, -3.5999998999999963
26.937746791292287, -28.089197016817206, -3.5999998999999963
28.839062576206313, -26.0009232961837, -3.5999998999999963
30.24238294367492, -23.54975422592965, -3.5999998999999963
31.112975221329165, -20.777726259932617, -3.5999998999999963
31.365388067641423, -17.437605291820855, -3.5999998999999963
31.35708372380603, -10.715952501845166, -3.5999998999999963
31.353292012324765, -2.238531289621909, -3.5999998999999963
31.354743286848212, 6.686483620578137, -3.5999998999999963
31.362559775003604, 16.17759785484532, -3.5999998999999963
30.497031227329835, 22.925460847258332, -3.5999998999999963
27.44949441054237, 27.61359883567439, -3.5999998999999963
22.742318263429482, 30.56491305452898, -3.5999998999999963
16.18712159527602, 31.36257643489547, -3.5999998999999963
1.1877165917439925e-12, 31.35307453407697, -3.5999998999999963
7.326761419790273e-11, 30.487049130292522, -4.099999899999997
-4.525822950643664, 30.487807983915097, -4.099999899999997
-9.05164711664152, 30.48980383767601, -4.099999899999997
-13.577470129672184, 30.493002504412754, -4.099999899999997
-17.832923335166182, 30.495551838507588, -4.099999899999997
-20.87488292433231, 30.0497891249065, -4.099999899999997
-23.42369577515883, 29.07637099565701, -4.099999899999997
-25.66181416131714, 27.638774074276196, -4.099999899999997
-27.548245803527404, 25.773636679910886, -4.099999899999997
-29.007450970309844, 23.55800960651697, -4.099999899999997
-29.991955275349902, 21.083607463645112, -4.099999899999997
-30.485039657194264, 18.115388214053755, -4.099999899999997
-30.492709572638894, 13.252104853153538, -4.099999899999997
-30.487821224269986, 4.568227131187923, -4.099999899999997
-30.487732032344972, -4.275580946822043, -4.099999899999997
-30.493247299797737, -13.835824497711203, -4.099999899999997
-29.917902146735486, -21.333184111033923, -4.099999899999997
-27.153887488370046, -26.232590782688433, -4.099999899999997
-22.610251045794794, -29.453385491042898, -4.099999899999997
-16.222837317105867, -30.49656174767606, -4.099999899999997
0.0, -30.48704913029255, -4.099999899999997
4.440892098500626e-16, -30.48704913029255, -4.099999899999997
4.525822951075912, -30.487807983915243, -4.099999899999997
9.0516471174337, -30.48980383767644, -4.099999899999997
13.57747013081545, -30.49300250441377, -4.099999899999997
17.832923336309722, -30.49555183847787, -4.099999899999997
20.874882925426213, -30.04978912461308, -4.099999899999997
23.423695776247932, -29.076370995106103, -4.099999899999997
25.66181416225422, -27.638774073526303, -4.099999899999997
27.548245804275297, -25.773636678997708, -4.099999899999997
29.0074509708453, -23.558009605488216, -4.099999899999997
29.991955275670833, -21.083607462523222, -4.099999899999997
30.485039657263584, -18.11538821262905, -4.099999899999997
30.49270957263637, -13.252104850141677, -4.099999899999997
30.487821224269183, -4.5682271284163285, -4.099999899999997
30.48773203234579, 4.275580949236459, -4.099999899999997
30.493247299799744, 13.83582449960004, -4.099999899999997
29.917902146509874, 21.33318411176813, -4.099999899999997
27.153887488055748, 26.232590783037317, -4.099999899999997
22.610251045591216, 29.45338549112903, -4.099999899999997
16.222837317162842, 30.496561747676203, -4.099999899999997
1.141309269314661e-12, 30.487049130292522, -4.099999899999997
7.026557113931631e-11, 29.621023726508096, -4.599999899999997
-5.770678022598686, 29.622122905853146, -4.599999899999997
-11.541357282586626, 29.62501691533925, -4.599999899999997
-16.363481810952667, 29.63093647263654, -4.599999899999997
-19.282276192631066, 29.38061281213877, -4.599999899999997
-21.92519416535376, 28.555255123847175, -4.599999899999997
-24.31293873279702, 27.206090218733355, -4.599999899999997
-26.342412579395564, 25.388600229482332, -4.599999899999997
-27.932377277147722, 23.176228802731003, -4.599999899999997
-29.021332249003635, 20.67696036684472, -4.599999899999997
-29.59524295582445, 17.735517681677706, -4.599999899999997
-29.626175588504395, 13.108910858675156, -4.599999899999997
-29.62167381446848, 4.3501818549306694, -4.599999899999997
-29.621764810925324, -4.668440752180048, -4.599999899999997
-29.627247230110104, -14.234755352323143, -4.599999899999997
-29.278378261247124, -19.749999509715263, -4.599999899999997
-27.432472015812536, -23.986318215686243, -4.599999899999997
-24.244866721667275, -27.254538839362144, -4.599999899999997
-20.09131530157695, -29.192296636995827, -4.599999899999997
-13.838789751389058, -29.62683565724196, -4.599999899999997
0.0, -29.621023726508103, -4.599999899999997
6.661338147750939e-16, -29.621023726508103, -4.599999899999997
5.770678022526499, -29.622122905853157, -4.599999899999997
11.541357282379362, -29.625016915339096, -4.599999899999997
16.363481810769965, -29.630936472636055, -4.599999899999997
19.282276192659932, -29.38061281213297, -4.599999899999997
21.925194165582784, -28.555255123748143, -4.599999899999997
24.312938733068858, -27.206090218538574, -4.599999899999997
26.342412579669926, -25.38860022917653, -4.599999899999997
27.932377277391993, -23.17622880230038, -4.599999899999997
29.021332249182304, -20.67696036628203, -4.599999899999997
29.595242955888185, -17.735517680859598, -4.599999899999997
29.62617558850287, -13.108910856681055, -4.599999899999997
29.62167381446814, -4.350181853239637, -4.599999899999997
29.62176481092574, 4.66844075327314, -4.599999899999997
29.627247230110534, 14.234755352605664, -4.599999899999997
29.278378261200956, 19.749999509910033, -4.599999899999997
27.43247201570477, 23.986318215847415, -4.599999899999997
24.244866721544508, 27.25453883944912, -4.599999899999997
20.091315301467823, 29.192296637025024, -4.599999899999997
13.838789751194103, 29.626835657241692, -4.599999899999997
1.0942358130705543e-12, 29.621023726508096, -4.599999899999997
6.726352808072988e-11, 28.754998322723647, -5.099999899999997
-5.704408441592498, 28.755964264851478, -5.099999899999997
-11.408818284398533, 28.75851493032965, -5.099999899999997
-15.937148550045894, 28.76384693474582, -5.099999899999997
-18.758063141358697, 28.46765464303517, -5.099999899999997
-21.287788390626595, 27.634998642871725, -5.099999899999997
-23.573005123626405, 26.314510027523816, -5.099999899999997
-25.52217024979835, 24.55431163214553, -5.099999899999997
-27.057772856295685, 22.42359390231229, -5.099999899999997
-28.123133523321698, 20.022320575463926, -5.099999899999997
-28.701804924249494, 17.290194529833848, -5.099999899999997
-28.759942858631092, 13.401185844813279, -5.099999899999997
-28.755674658784724, 4.710141908853302, -5.099999899999997
-28.75558775006527, -4.373900456775605, -5.099999899999997
-28.76038427079099, -13.86216025089664, -5.099999899999997
-28.371592499677686, -19.165670454376972, -5.099999899999997
-26.53846729680477, -23.254711364981635, -5.099999899999997
-23.42829214928966, -26.418179045792435, -5.099999899999997
-19.40068217790765, -28.30979487553516, -5.099999899999997
-13.804603365890099, -28.760325163641358, -5.099999899999997
0.0, -28.754998322723655, -5.099999899999997
4.440892098500626e-16, -28.75499832272365, -5.099999899999997
5.704408440505042, -28.755964264851137, -5.099999899999997
11.40881828217357, -28.758514930328282, -5.099999899999997
15.937148548309674, -28.763846934740897, -5.099999899999997
18.75806313934916, -28.467654643474305, -5.099999899999997
21.28778838855908, -27.634998643796386, -5.099999899999997
23.573005121718065, -26.31451002891169, -5.099999899999997
25.522170248140753, -24.554311633998676, -5.099999899999997
27.057772854996028, -22.4235939045832, -5.099999899999997
28.123133522458826, -20.02232057809808, -5.099999899999997
28.701804923916004, -17.290194533105666, -5.099999899999997
28.759942858638087, -13.401185852545172, -5.099999899999997
28.755674658787772, -4.710141919527711, -5.099999899999997
28.75558775006245, 4.373900445013874, -5.099999899999997
28.76038427078029, 13.862160240481199, -5.099999899999997
28.371592501090642, 19.165670448789534, -5.099999899999997
26.53846729943832, 23.254711361111895, -5.099999899999997
23.42829215218986, 26.41817904374622, -5.099999899999997
19.40068218026504, 28.309794874891473, -5.099999899999997
13.804603368657416, 28.760325163644197, -5.099999899999997
1.0480505352461478e-12, 28.754998322723647, -5.099999899999997
6.426148502214346e-11, 27.888972918939206, -5.599999899999997
-8.676986470886611, 27.890789293959735, -5.599999899999997
-15.02661970022852, 27.895585391089885, -5.599999899999997
-18.236889632109406, 27.549411379599402, -5.599999899999997
-20.952046398338105, 26.56811260441549, -5.599999899999997
-23.349146152819266, 25.019717576751997, -5.599999899999997
-25.325844566756313, 22.961831486086812, -5.599999899999997
-26.778492627550676, 20.505426691261956, -5.599999899999997
-27.6598365747426, 17.728576440773242, -5.599999899999997
-27.894513730360135, 14.3886711316869, -5.599999899999997
-27.88993182695704, 6.152971805748718, -5.599999899999997
-27.889290863776825, -3.3973316020299977, -5.599999899999997
-27.89300134959419, -12.952888766736415, -5.599999899999997
-27.7360600888073, -17.301208678792285, -5.599999899999997
-26.773076099245053, -20.51751427251682, -5.599999899999997
-25.05809620807266, -23.302296613467384, -5.599999899999997
-22.672402619153644, -25.53880301992641, -5.599999899999997
-19.784859901965145, -27.074864787377415, -5.599999899999997
-16.435479761846725, -27.846017484708526, -5.599999899999997
-10.3787044713436, -27.891507723785857, -5.599999899999997
0.0, -27.8889729189392, -5.599999899999997
5.551115123125783e-16, -27.8889729189392, -5.599999899999997
8.676986469843307, -27.890789293959052, -5.599999899999997
15.026619699261392, -27.895585391088087, -5.599999899999997
18.236889630935593, -27.549411379879498, -5.599999899999997
20.95204639692664, -26.568112605114145, -5.599999899999997
23.34914615138439, -25.01971757793333, -5.599999899999997
25.325844565486722, -22.96183148776081, -5.599999899999997
26.778492626591014, -20.505426693406648, -5.599999899999997
27.65983657420359, -17.728576443524876, -5.599999899999997
27.89451373036647, -14.38867113598269, -5.599999899999997
27.889931826959977, -6.15297181530765, -5.599999899999997
27.889290863775347, 3.397331592785832, -5.599999899999997
27.893001349589525, 12.952888760520821, -5.599999899999997
27.73606008924076, 17.301208676100686, -5.599999899999997
26.773076100158672, 20.517514270481115, -5.599999899999997
25.05809620923719, 23.302296612038976, -5.599999899999997
22.672402620339312, 25.538803019080568, -5.599999899999997
19.784859902978468, 27.07486478699627, -5.599999899999997
16.435479762646935, 27.84601748463468, -5.599999899999997
10.37870447244631, 27.89150772378638, -5.599999899999997
1.0011991236069662e-12, 27.888972918939206, -5.599999899999997
6.125944196355704e-11, 27.02294751515478, -6.099999899999997
-5.708625093366755, 27.023619456877114, -6.099999899999997
-11.417251240999049, 27.025431330019906, -6.099999899999997
-15.450057895713227, 26.999083354978566, -6.099999899999997
-18.148183997322985, 26.505783003127913, -6.099999899999997
-20.542836557316043, 25.518455029869557, -6.099999899999997
-22.677174276587962, 24.062862641643566, -6.099999899999997
-24.45603515743455, 22.18961571173641, -6.099999899999997
-25.80151809727466, 19.98410755109281, -6.099999899999997
-26.673072750608817, 17.529619039969838, -6.099999899999997
-27.027997754709332, 14.688234743764278, -6.099999899999997
-27.024512495973266, 8.99999222951994, -6.099999899999997
-27.022950156621683, 0.31170603226155436, -6.099999899999997
-27.024317934901095, -8.376786798251146, -6.099999899999997
-27.00126873755651, -15.418604049020518, -6.099999899999997
-26.060908596431663, -19.401000717343553, -6.099999899999997
-24.00670918132643, -22.742806476960748, -6.099999899999997
-20.999267141565454, -25.26031183898789, -6.099999899999997
-17.324785660026485, -26.721109810973413, -6.099999899999997
-12.16807935370885, -27.02581262569729, -6.099999899999997
0.0, -27.02294751515475, -6.099999899999997
6.661338147750939e-16, -27.02294751515475, -6.099999899999997
5.708625093556112, -27.02361945687723, -6.099999899999997
11.417251241274526, -27.02543133002023, -6.099999899999997
15.450057896015092, -26.99908335495709, -6.099999899999997
18.14818399788255, -26.50578300296114, -6.099999899999997
20.542836558086456, -25.518455029454806, -6.099999899999997
22.677174277478375, -24.06286264088724, -6.099999899999997
24.45603515828184, -22.189615710629035, -6.099999899999997
25.801518097965182, -19.98410754964113, -6.099999899999997
26.6730727510581, -17.529619038123933, -6.099999899999997
27.027997754723057, -14.688234741354336, -6.099999899999997
27.024512495970992, -8.999992221914058, -6.099999899999997
27.02295015662169, -0.31170602446850815, -6.099999899999997
27.02431793490364, 8.37678680619344, -6.099999899999997
27.00126873727549, 15.418604053148405, -6.099999899999997
26.060908595111982, 19.401000720525328, -6.099999899999997
24.006709179432672, 22.74280647915861, -6.099999899999997
20.999267139690332, 25.260311840101057, -6.099999899999997
17.324785658530587, 26.721109811311244, -6.099999899999997
12.16807935189777, 27.025812625696258, -6.099999899999997
9.54236689665322e-13, 27.02294751515478, -6.099999899999997
5.825739890497061e-11, 26.15692211137034, -6.599999899999997
-5.3964446560717425, 26.157349402634843, -6.599999899999997
-10.870504282715817, 26.158523363936087, -6.599999899999997
-14.690989066593268, 26.133380169643317, -6.599999899999997
-17.62647824325229, 25.56817770273266, -6.599999899999997
-20.291668588243517, 24.35744395763596, -6.599999899999997
-22.593418186251863, 22.54964537991161, -6.599999899999997
-24.389371981020886, 20.238633368967932, -6.599999899999997
-25.586907645112866, 17.567491550511775, -6.599999899999997
-26.145441083523902, 14.488917827263712, -6.599999899999997
-26.15741828517667, 5.847251842450805, -6.599999899999997
-26.156966089329387, -1.5934249344725346, -6.599999899999997
-26.157763872715147, -7.771462984870431, -6.599999899999997
-26.15974482023351, -13.289675440092282, -6.599999899999997
-25.800394579450455, -16.806627631404794, -6.599999899999997
-24.582639109826346, -19.90396666136767, -6.599999899999997
-22.58114204319083, -22.56196799006455, -6.599999899999997
-19.92764264396248, -24.569420767070937, -6.599999899999997
-16.83205888869838, -25.7940924561596, -6.599999899999997
-12.114443986429222, -26.15899356917326, -6.599999899999997
0.0, -26.156922111370303, -6.599999899999997
6.661338147750939e-16, -26.156922111370303, -6.599999899999997
5.396444655925476, -26.157349402634747, -6.599999899999997
10.870504282358203, -26.158523363935885, -6.599999899999997
14.690989066289145, -26.133380169664076, -6.599999899999997
17.626478242988476, -25.568177702817042, -6.599999899999997
20.291668588045358, -24.357443957755905, -6.599999899999997
22.593418186146298, -22.549645380017708, -6.599999899999997
24.38937198099724, -20.238633369007584, -6.599999899999997
25.58690764513167, -17.567491550452402, -6.599999899999997
26.14544108353476, -14.488917827053172, -6.599999899999997
26.15741828517665, -5.847251840944975, -6.599999899999997
26.156966089329583, 1.59342493590476, -6.599999899999997
26.1577638727157, 7.771462986934477, -6.599999899999997
26.159744820234963, 13.289675441669912, -6.599999899999997
25.80039457902621, 16.80662763312507, -6.599999899999997
24.58263910878683, 19.903966663234947, -6.599999899999997
22.58114204196458, 22.56196799129381, -6.599999899999997
19.92764264281477, 24.56942076771351, -6.599999899999997
16.832058887826516, 25.79409245637675, -6.599999899999997
12.114443984962579, 26.158993569172644, -6.599999899999997
9.072742557236779e-13, 26.15692211137034, -6.599999899999997
5.525180313270539e-11, 25.29089670758591, -7.099999899999997
-4.266422584770186, 25.29103204310956, -7.099999899999997
-8.59364549327214, 25.291394186459478, -7.099999899999997
-12.851078174254653, 25.29225627932299, -7.099999899999997
-16.792650194602214, 24.727596520932522, -7.099999899999997
-20.128428647557453, 23.096294184184995, -7.099999899999997
-22.805915726436076, 20.527762886550562, -7.099999899999997
-24.56970466264135, 17.262547627086178, -7.099999899999997
-25.291104901061498, 13.35037236345842, -7.099999899999997
-25.29137618039564, 8.425792978653728, -7.099999899999997
-25.290990361835217, 3.499817807967192, -7.099999899999997
-25.290914228036996, -1.4261536066091425, -7.099999899999997
-25.291182167736558, -6.369978611373348, -7.099999899999997
-25.291782692033916, -11.325686414445759, -7.099999899999997
-24.93900280614176, -16.03772658056356, -7.099999899999997
-23.207847014655055, -19.965266980720187, -7.099999899999997
-20.22862141890849, -23.025795445363627, -7.099999899999997
-16.36636972500683, -24.853312879803873, -7.099999899999997
-11.356406807480468, -25.291789032536737, -7.099999899999997
-5.678203963815207, -25.29112719899919, -7.099999899999997
0.0, -25.290896707585834, -7.099999899999997
5.551115123125783e-16, -25.290896707585834, -7.099999899999997
4.266422584676526, -25.291032043109468, -7.099999899999997
8.593645493021747, -25.29139418645933, -7.099999899999997
12.851078173841987, -25.292256279322675, -7.099999899999997
16.79265019411652, -24.7275965210851, -7.099999899999997
20.128428647064325, -23.096294184528197, -7.099999899999997
22.805915726064285, -20.527762887040346, -7.099999899999997
24.569704662431196, -17.26254762767351, -7.099999899999997
25.291104901049412, -13.350372364285096, -7.099999899999997
25.291376180395883, -8.425792979413, -7.099999899999997
25.290990361835426, -3.499817808540551, -7.099999899999997
25.2909142280371, 1.4261536061964784, -7.099999899999997
25.291182167736658, 6.369978611112087, -7.099999899999997
25.291782692033983, 11.325686414333957, -7.099999899999997
24.939002806133473, 16.037726580597756, -7.099999899999997
23.207847014543272, 19.965266980886966, -7.099999899999997
20.228621418738562, 23.02579544548473, -7.099999899999997
16.36636972485006, 24.85331287984719, -7.099999899999997
11.356406807322129, 25.291789032536762, -7.099999899999997
5.678203963726096, 25.291127198999224, -7.099999899999997
8.606448886894214e-13, 25.29089670758591, -7.099999899999997
5.224976007411897e-11, 24.42487130380147, -7.599999899999997
-10.847030276304102, 24.424642059161553, -7.599999899999997
-16.21549102163722, 23.80446894168795, -7.599999899999997
-20.324941236770346, 21.47118480047238, -7.599999899999997
-23.19337272661856, 17.717086293418866, -7.599999899999997
-24.4094662257413, 13.04062307481547, -7.599999899999997
-24.42477239468613, 7.181542067329717, -7.599999899999997
-24.424867219318333, 1.2994405093938401, -7.599999899999997
-24.424828397035874, -4.582657956758397, -7.599999899999997
-24.424664757068676, -10.41431346907003, -7.599999899999997
-24.308655983166094, -14.070842888218428, -7.599999899999997
-23.62757211056051, -16.712596619840117, -7.599999899999997
-22.394092398792225, -19.11453299814241, -7.599999899999997
-20.65130584179846, -21.176461034426815, -7.599999899999997
-18.483543259678584, -22.78580502602234, -7.599999899999997
-16.0107700039176, -23.870534812683626, -7.599999899999997
-13.279631111297077, -24.39444573427215, -7.599999899999997
-9.981507620470145, -24.424683968755698, -7.599999899999997
-6.635524335466956, -24.42478586706304, -7.599999899999997
-3.289539834734842, -24.424848150518052, -7.599999899999997
0.0, -24.424871303801385, -7.599999899999997
5.551115123125783e-16, -24.424871303801382, -7.599999899999997
10.847030277534365, -24.42464205916135, -7.599999899999997
16.21549102293786, -23.80446894125576, -7.599999899999997
20.324941238250904, -21.47118479918483, -7.599999899999997
23.193372727695806, -17.717086291205923, -7.599999899999997
24.409466225916518, -13.040623071444537, -7.599999899999997
24.424772394686435, -7.181542063303267, -7.599999899999997
24.4248672193185, -1.2994405052774467, -7.599999899999997
24.424828397035906, 4.58265796097602, -7.599999899999997
24.42466475706863, 10.414313472480144, -7.599999899999997
24.30865598291449, 14.07084288999724, -7.599999899999997
23.62757211000201, 16.712596621309952, -7.599999899999997
22.394092398012305, 19.114532999315422, -7.599999899999997
20.651305840917303, 21.176461035253343, -7.599999899999997
18.483543258786003, 22.785805026538938, -7.599999899999997
16.010770003099633, 23.87053481293996, -7.599999899999997
13.279631110541837, 24.39444573432795, -7.599999899999997
9.981507619846301, 24.424683968755797, -7.599999899999997
6.6355243351398805, 24.424785867063186, -7.599999899999997
3.289539834598378, 24.424848150518162, -7.599999899999997
8.139044993527023e-13, 24.42487130380149, -7.599999899999997
4.9247717015532544e-11, 23.55884590001705, -8.099999899999997
-4.25348438141428, 23.558595627490014, -8.099999899999997
-8.56058006212537, 23.557921612956715, -8.099999899999997
-12.857431692976812, 23.499529652239662, -8.099999899999997
-16.519884019240976, 22.529479060395474, -8.099999899999997
-19.659313315984413, 20.501513421074975, -8.099999899999997
-21.995136355317655, 17.584404821441257, -8.099999899999997
-23.31159417061119, 14.077744174611562, -8.099999899999997
-23.557608258868893, 9.808718902330444, -8.099999899999997
-23.55845968050491, 5.369131351323461, -8.099999899999997
-23.55883140228241, 0.9295424879247061, -8.099999899999997
-23.558670884653022, -3.5100587667346383, -8.099999899999997
-23.558036489573023, -7.993694596060329, -8.099999899999997
-23.531134659162557, -12.487420857159323, -8.099999899999997
-22.5984569931338, -16.36047980498356, -8.099999899999997
-20.510722746665916, -19.649082643786585, -8.099999899999997
-17.456754813464535, -22.066321788845688, -8.099999899999997
-13.766882862990977, -23.371636316063157, -8.099999899999997
-9.25750681945509, -23.55776022208488, -8.099999899999997
-4.628752608214182, -23.558552921399258, -8.099999899999997
0.0, -23.55884590001693, -8.099999899999997
5.551115123125783e-16, -23.55884590001693, -8.099999899999997
4.253484381689466, -23.558595627489858, -8.099999899999997
8.560580062610594, -23.557921612956385, -8.099999899999997
12.857431693567863, -23.49952965217911, -8.099999899999997
16.519884019842408, -22.529479060129905, -8.099999899999997
19.659313316521875, -20.501513420590523, -8.099999899999997
21.99513635570314, -17.58440482075994, -8.099999899999997
23.311594170787128, -14.077744173762024, -8.099999899999997
23.55760825886942, -9.808718901247094, -8.099999899999997
23.55845968050531, -5.369131350013347, -8.099999899999997
23.558831402282603, -0.9295424863668147, -8.099999899999997
23.55867088465297, 3.510058768548147, -8.099999899999997
23.55803648957273, 7.993694598136189, -8.099999899999997
23.53113465901137, 12.487420859370957, -8.099999899999997
22.59845699230365, 16.360479806940923, -8.099999899999997
20.51072274539594, 19.64908264519937, -8.099999899999997
17.456754812140176, 22.06632178957389, -8.099999899999997
13.76688286183363, 23.371636316271015, -8.099999899999997
9.257506818581394, 23.557760222085122, -8.099999899999997
4.628752607779502, 23.558552921399414, -8.099999899999997
7.671641100159832e-13, 23.558845900017047, -8.099999899999997
4.624567395694612e-11, 22.692820496232624, -8.599999899999997
-7.479265611392554, 22.691346046223494, -8.599999899999997
-13.627748870591576, 22.379693691711978, -8.599999899999997
-18.025935376736534, 20.337221544392317, -8.599999899999997
-21.206323506552312, 16.679613020287892, -8.599999899999997
-22.647761168929843, 11.95768545631449, -8.599999899999997
-22.692368850013906, 3.9595587347254053, -8.599999899999997
-22.69281917822561, 0.18695698071915845, -8.599999899999997
-22.692471055436773, -3.45000188132708, -8.599999899999997
-22.69148815928758, -7.086963849936422, -8.599999899999997
-22.689210728328366, -10.667006000113288, -8.599999899999997
-22.46265326485972, -13.245872852723721, -8.599999899999997
-21.76937291545889, -15.513767098883141, -8.599999899999997
-20.64182628629166, -17.59923284599079, -8.599999899999997
-19.11440680814255, -19.41211386304351, -8.599999899999997
-17.2468010428638, -20.872155487909577, -8.599999899999997
-15.122432694377046, -21.924659759732908, -8.599999899999997
-12.808384288875816, -22.54165426612099, -8.599999899999997
-9.64520708859299, -22.690263799488694, -8.599999899999997
-4.822604860131999, -22.692168349331844, -8.599999899999997
0.0, -22.692820496232482, -8.599999899999997
5.551115123125783e-16, -22.69282049623248, -8.599999899999997
7.479265609728818, -22.691346046223885, -8.599999899999997
13.627748868624833, -22.379693692172978, -8.599999899999997
18.02593537463423, -20.337221545966305, -8.599999899999997
21.206323505103388, -16.67961302291251, -8.599999899999997
22.64776116860156, -11.957685460069879, -8.599999899999997
22.69236885001335, -3.959558738123575, -8.599999899999997
22.69281917822574, -0.1869569829606157, -8.599999899999997
22.69247105543728, 3.450001879272757, -8.599999899999997
22.691488159288348, 7.08696384807576, -8.599999899999997
22.689210728330224, 10.667005998783146, -8.599999899999997
22.46265326503966, 13.245872851824886, -8.599999899999997
21.769372915742352, 15.513767098204331, -8.599999899999997
20.64182628662017, 17.599232845508023, -8.599999899999997
19.11440680847754, 19.41211386272092, -8.599999899999997
17.24680104317014, 20.872155487717507, -8.599999899999997
15.122432694619015, 21.92465975964194, -8.599999899999997
12.808384289037965, 22.541654266095016, -8.599999899999997
9.645207088722854, 22.690263799488786, -8.599999899999997
4.822604860198455, 22.69216834933196, -8.599999899999997
7.204237206792641e-13, 22.692820496232606, -8.599999899999997
4.32436308983597e-11, 21.826795092448183, -9.099999899999997
-6.2687582175476475, 21.82504620840543, -9.099999899999997
-11.062498547133835, 21.793203124280655, -9.099999899999997
-14.582100724658213, 20.974388707633317, -9.099999899999997
-17.676180808631294, 19.13276199145585, -9.099999899999997
-20.042065975881542, 16.419209033703556, -9.099999899999997
-21.45733100843633, 13.107691981631383, -9.099999899999997
-21.82290761528777, 9.157845285149214, -9.099999899999997
-21.8259370954195, 4.271761763285875, -9.099999899999997
-21.82678171704321, -0.47050233194106306, -9.099999899999997
-21.825450510206913, -5.438930899361412, -9.099999899999997
-21.822069523161993, -9.710850133196885, -9.099999899999997
-21.542616616452193, -12.752657404178652, -9.099999899999997
-20.572683347936216, -15.473620694739115, -9.099999899999997
-18.965127988208, -17.87303505765909, -9.099999899999997
-16.80519545094814, -19.79007934177992, -9.099999899999997
-14.234716733925795, -21.10751847795841, -9.099999899999997
-11.39540483044542, -21.76386851133123, -9.099999899999997
-7.812143481009754, -21.82412874176489, -9.099999899999997
-3.8999230104313933, -21.82607100934932, -9.099999899999997
0.0, -21.826795092448016, -9.099999899999997
4.440892098500626e-16, -21.826795092448013, -9.099999899999997
6.268758215718892, -21.825046208406153, -9.099999899999997
11.062498544934666, -21.79320312443983, -9.099999899999997
14.58210072182764, -20.97438870876934, -9.099999899999997
17.676180805739374, -19.13276199386264, -9.099999899999997
20.042065973570732, -16.419209037404755, -9.099999899999997
21.45733100720166, -13.107691986441464, -9.099999899999997
21.82290761527941, -9.157845291951979, -9.099999899999997
21.825937095417117, -4.271761770154015, -9.099999899999997
21.826781717043723, 0.4705023254393733, -9.099999899999997
21.82545051021037, 5.438930892115472, -9.099999899999997
21.822069523171034, 9.7108501282946, -9.099999899999997
21.54261661738174, 12.75265740002679, -9.099999899999997
20.57268334974242, 15.473620691139235, -9.099999899999997
18.965127990506783, 17.873035055020924, -9.099999899999997
16.805195453384513, 19.790079340118115, -9.099999899999997
14.234716736182476, 21.10751847713412, -9.099999899999997
11.395404832447323, 21.76386851112416, -9.099999899999997
7.812143482841849, 21.824128741763765, -9.099999899999997
3.8999230113387564, 21.82607100934914, -9.099999899999997
6.73683331342545e-13, 21.826795092448183, -9.099999899999997
4.0241587839773274e-11, 20.960769688663756, -9.599999899999997
-4.530668313606652, 20.959332237029418, -9.599999899999997
-8.834734721976018, 20.95504632303598, -9.599999899999997
-11.296801391673016, 20.812547923618364, -9.599999899999997
-13.41450987460601, 20.26504447456429, -9.599999899999997
-15.38660330402243, 19.336233141027105, -9.599999899999997
-17.146300294019568, 18.04995684651809, -9.599999899999997
-18.62395954521111, 16.44769459463552, -9.599999899999997
-19.765984462666907, 14.591079411189584, -9.599999899999997
-20.53919577256791, 12.552890422538347, -9.599999899999997
-20.924391010250552, 10.34710333328796, -9.599999899999997
-20.957678796427235, 6.828702996503086, -9.599999899999997
-20.960760397166496, 0.31588327872412936, -9.599999899999997
-20.95800951326224, -6.43718240723741, -9.599999899999997
-20.830888222027077, -11.178210637441012, -9.599999899999997
-19.87256585239068, -14.367932238010235, -9.599999899999997
-18.05248614655849, -17.143460469857946, -9.599999899999997
-15.501992645859282, -19.266995542772367, -9.599999899999997
-12.44776783150354, -20.56772810600271, -9.599999899999997
-8.869449635283772, -20.954968803925503, -9.599999899999997
0.0, -20.960769688663564, -9.599999899999997
4.440892098500626e-16, -20.960769688663564, -9.599999899999997
4.5306683134548775, -20.95933223702929, -9.599999899999997
8.83473472174068, -20.95504632303635, -9.599999899999997
11.296801391584191, -20.812547923632344, -9.599999899999997
13.414509874579537, -20.26504447457365, -9.599999899999997
15.386603304054724, -19.336233141007867, -9.599999899999997
17.146300294100744, -18.04995684644568, -9.599999899999997
18.623959545319334, -16.447694594492635, -9.599999899999997
19.76598446277721, -14.591079410964975, -9.599999899999997
20.53919577265377, -12.552890422228364, -9.599999899999997
20.924391010283053, -10.347103332853164, -9.599999899999997
20.957678796428507, -6.828702995296021, -9.599999899999997
20.96076039716671, -0.31588327756779677, -9.599999899999997
20.9580095132614, 6.437182408397225, -9.599999899999997
20.83088822194675, 11.178210637979634, -9.599999899999997
19.872565852202364, 14.367932238415893, -9.599999899999997
18.05248614632558, 17.143460470119777, -9.599999899999997
15.50199264563964, 19.26699554290619, -9.599999899999997
12.447767831345267, 20.567728106045063, -9.599999899999997
8.869449635174556, 20.95496880392594, -9.599999899999997
6.268319197033634e-13, 20.960769688663756, -9.599999899999997
3.723599206750805e-11, 20.09474428487933, -10.099999899999997
-3.81945288158221, 20.093247043477135, -10.099999899999997
-7.559937731645605, 20.089108117519384, -10.099999899999997
-10.032359316806994, 20.01738689480889, -10.099999899999997
-12.072058579893497, 19.594692391065237, -10.099999899999997
-13.984059000301288, 18.821559455639374, -10.099999899999997
-15.72503258084053, 17.71621220057896, -10.099999899999997
-17.232369427811697, 16.308961010157553, -10.099999899999997
-18.45307531361129, 14.64685742721663, -10.099999899999997
-19.35069092995722, 12.790092078184268, -10.099999899999997
-19.903455035610474, 10.801315792591547, -10.099999899999997
-20.086205448125927, 8.590373126934125, -10.099999899999997
-20.09330965153913, 3.732860104223298, -10.099999899999997
-20.094132021118536, -2.3627692986486695, -10.099999899999997
-20.08633656307083, -8.557337066786475, -10.099999899999997
-19.556309846596097, -12.195838694748582, -10.099999899999997
-17.98096055012179, -15.36816841922239, -10.099999899999997
-15.494682024961065, -17.889608442366303, -10.099999899999997
-12.34432280497134, -19.508280370181826, -10.099999899999997
-8.704737934202566, -20.085720459401262, -10.099999899999997
0.0, -20.094744284879113, -10.099999899999997
4.440892098500626e-16, -20.094744284879113, -10.099999899999997
3.819452881681861, -20.093247043476826, -10.099999899999997
7.559937731784104, -20.089108117518865, -10.099999899999997
10.03235931693859, -20.01738689479367, -10.099999899999997
12.072058580003203, -19.59469239103186, -10.099999899999997
13.984059000306338, -18.82155945563682, -10.099999899999997
15.725032580734718, -17.71621220066068, -10.099999899999997
17.232369427622473, -16.30896101037074, -10.099999899999997
18.45307531338764, -14.646857427589179, -10.099999899999997
19.350690929751337, -12.790092078731119, -10.099999899999997
19.903455035476817, -10.801315793322376, -10.099999899999997
20.086205448121966, -8.590373127959987, -10.099999899999997
20.093309651537123, -3.73286010731994, -10.099999899999997
20.09413202112055, 2.3627692947551475, -10.099999899999997
20.086336563081804, 8.557337064052064, -10.099999899999997
19.55630984737817, 12.195838692275231, -10.099999899999997
17.98096055150391, 15.368168417280149, -10.099999899999997
15.494682026401337, 17.88960844131123, -10.099999899999997
12.34432280609647, 19.508280369809793, -10.099999899999997
8.70473793485213, 20.085720459398672, -10.099999899999997
5.800915303666443e-13, 20.09474428487933, -10.099999899999997
3.423394900892163e-11, 19.228718881094895, -10.599999899999997
-4.926106499703062, 19.22536978738256, -10.599999899999997
-8.601649327112423, 19.206260625876837, -10.599999899999997
-10.781891457796045, 18.878893855220415, -10.599999899999997
-12.789686518772127, 18.166633315768934, -10.599999899999997
-14.627902158443005, 17.090132837682578, -10.599999899999997
-16.225061389360235, 15.68068614039603, -10.599999899999997
-17.51920382902353, 13.988688533798813, -10.599999899999997
-18.466903974511318, 12.080782312875778, -10.599999899999997
-19.042268209304236, 10.028064670724836, -10.599999899999997
-19.21926645442082, 7.749768206779164, -10.599999899999997
-19.227734355184104, 2.5504240582751043, -10.599999899999997
-19.226762662493037, -3.6867648375192257, -10.599999899999997
-19.194477036228868, -8.808766955853672, -10.599999899999997
-18.61951675774356, -11.658725691340655, -10.599999899999997
-17.37011704738329, -14.221979005863364, -10.599999899999997
-15.50881861162446, -16.381696220944093, -10.599999899999997
-13.154094110721886, -17.989429208092897, -10.599999899999997
-10.47012464906616, -18.95300579560306, -10.599999899999997
-7.366821708515238, -19.220795781519527, -10.599999899999997
0.0, -19.22871888109466, -10.599999899999997
4.440892098500626e-16, -19.22871888109466, -10.599999899999997
4.926106498691017, -19.225369787383578, -10.599999899999997
8.601649326279592, -19.20626062591509, -10.599999899999997
10.781891456984763, -18.87889385542519, -10.599999899999997
12.789686517928143, -18.166633316160638, -10.599999899999997
14.627902157695475, -17.090132838223262, -10.599999899999997
16.22506138882873, -15.680686140966817, -10.599999899999997
17.51920382868724, -13.988688534339994, -10.599999899999997
18.466903974336915, -12.080782313330122, -10.599999899999997
19.042268209243982, -10.02806467105878, -10.599999899999997
19.21926645442, -7.749768207009595, -10.599999899999997
19.227734355184175, -2.5504240584674287, -10.599999899999997
19.226762662493044, 3.686764837650793, -10.599999899999997
19.1944770362167, 8.808766956036408, -10.599999899999997
18.61951675764975, 11.65872569161729, -10.599999899999997
17.370117047164666, 14.221979006196317, -10.599999899999997
15.508818611422509, 16.381696221124486, -10.599999899999997
13.154094110590604, 17.989429208159923, -10.599999899999997
10.47012464898034, 18.95300579562242, -10.599999899999997
7.366821708454944, 19.22079578151996, -10.599999899999997
5.332401187274627e-13, 19.228718881094895, -10.599999899999997
3.1231905950335204e-11, 18.36269347731047, -11.099999899999997
-5.097120214845788, 18.35776635363701, -11.099999899999997
-8.417477762531508, 18.298148722788333, -11.099999899999997
-10.60939365354342, 17.850007035208584, -11.099999899999997
-12.647984793544234, 16.987269103572583, -11.099999899999997
-14.488838493132045, 15.722828899499845, -11.099999899999997
-16.032082007706205, 14.107887472340552, -11.099999899999997
-17.208253730437207, 12.22146144283349, -11.099999899999997
-17.982774605634443, 10.148725322162854, -11.099999899999997
-18.334596892465523, 7.950361253054803, -11.099999899999997
-18.358770668670456, 4.5125879534663325, -11.099999899999997
-18.36246152149642, -0.9879028930503472, -11.099999899999997
-18.352898651213504, -6.849292116692118, -11.099999899999997
-18.097551763279043, -9.67453252541727, -11.099999899999997
-17.241112545954536, -12.153982967058392, -11.099999899999997
-15.814776940756994, -14.379170452014307, -11.099999899999997
-13.889572372335673, -16.197031780812903, -11.099999899999997
-11.598886111599349, -17.49069423276272, -11.099999899999997
-9.074002783215036, -18.211875746762182, -11.099999899999997
-6.139126859438541, -18.3554649290156, -11.099999899999997
0.0, -18.362693477310213, -11.099999899999997
4.996003610813204e-16, -18.362693477310213, -11.099999899999997
5.097120214928019, -18.35776635363659, -11.099999899999997
8.417477762625635, -18.298148722778524, -11.099999899999997
10.609393653688494, -17.850007035163188, -11.099999899999997
12.6479847937195, -16.987269103476777, -11.099999899999997
14.488838493322266, -15.72282889933813, -11.099999899999997
16.03208200789018, -14.107887472103382, -11.099999899999997
17.208253730591277, -12.221461442519969, -11.099999899999997
17.982774605741334, -10.148725321760665, -11.099999899999997
18.33459689248695, -7.950361252666293, -11.099999899999997
18.35877066867163, -4.512587952891538, -11.099999899999997
18.362461521496485, 0.9879028932909888, -11.099999899999997
18.352898651213458, 6.849292116729808, -11.099999899999997
18.097551763276115, 9.674532525431463, -11.099999899999997
17.24111254596645, 12.153982967034118, -11.099999899999997
15.814776940804318, 14.379170451957446, -11.099999899999997
13.88957237243646, 16.197031780739042, -11.099999899999997
11.598886111758716, 17.490694232696473, -11.099999899999997
9.074002783442731, 18.211875746725596, -11.099999899999997
6.139126859659402, 18.355464929015223, -11.099999899999997
4.866107516932061e-13, 18.36269347731047, -11.099999899999997
2.822986289174878e-11, 17.49666807352605, -11.599999899999997
-4.03281714749984, 17.492287937683333, -11.599999899999997
-7.0282482226357095, 17.475476167566104, -11.599999899999997
-9.579367880644964, 17.06711266227404, -11.599999899999997
-11.90563896525075, 16.108444726967893, -11.599999899999997
-13.950099550501218, 14.642372175259908, -11.599999899999997
-15.596333073617842, 12.74005521408169, -11.599999899999997
-16.758058748306773, 10.508362144853466, -11.599999899999997
-17.38427825245395, 8.071466122393954, -11.599999899999997
-17.48956074594563, 5.186986729373451, -11.599999899999997
-17.49629871440214, 1.0672958098922547, -11.599999899999997
-17.493919047772476, -3.137201046286183, -11.599999899999997
-17.482608175508688, -6.5816643209103844, -11.599999899999997
-17.143068933153312, -9.298608632511835, -11.599999899999997
-16.18311623581874, -11.76833203520738, -11.599999899999997
-14.656997245817042, -13.934018834068246, -11.599999899999997
-12.646358440811847, -15.659186438458581, -11.599999899999997
-10.276320088567438, -16.843819609968076, -11.599999899999997
-7.691685453414593, -17.42983491452435, -11.599999899999997
-4.3540899111406866, -17.491617838949686, -11.599999899999997
0.0, -17.496668073525758, -11.599999899999997
3.885780586188048e-16, -17.496668073525765, -11.599999899999997
4.032817146559168, -17.49228793768492, -11.599999899999997
7.028248221314498, -17.47547616761147, -11.599999899999997
9.579367879377918, -17.067112662634457, -11.599999899999997
11.905638963847796, -16.108444727743713, -11.599999899999997
13.95009954910228, -14.642372176534707, -11.599999899999997
15.596333072391374, -12.740055215889479, -11.599999899999997
16.758058747421654, -10.508362147168642, -11.599999899999997
17.384278252075127, -8.071466125147676, -11.599999899999997
17.48956074593265, -5.186986733994665, -11.599999899999997
17.49629871439891, -1.0672958152442278, -11.599999899999997
17.493919047782093, 3.137201040493914, -11.599999899999997
17.482608175530075, 6.581664318464394, -11.599999899999997
17.14306893394863, 9.298608629411593, -11.599999899999997
16.183116237100847, 11.768332032809816, -11.599999899999997
14.656997247325801, 13.93401883240626, -11.599999899999997
12.646358442288092, 15.659186437479972, -11.599999899999997
10.276320089801752, 16.843819609527745, -11.599999899999997
7.691685454286973, 17.429834914435496, -11.599999899999997
4.354089911844779, 17.49161783894842, -11.599999899999997
4.397593400540245e-13, 17.49666807352605, -11.599999899999997
2.5227819833162357e-11, 16.630642669741615, -12.099999899999997
-4.780255489102803, 16.62211418791884, -12.099999899999997
-8.716762862268649, 16.232607904288088, -12.099999899999997
-12.018796362291665, 14.694732788092322, -12.099999899999997
-14.611409896245954, 12.137252670487873, -12.099999899999997
-16.19333349777911, 8.856157954937839, -12.099999899999997
-16.617943480974493, 5.55260502208597, -12.099999899999997
-16.627432616928825, 2.8621897527575473, -12.099999899999997
-16.63064194694458, -0.03546599230618719, -12.099999899999997
-16.62670448571653, -3.1951322390855315, -12.099999899999997
-16.608671249935217, -6.271638526179371, -12.099999899999997
-16.233363394163575, -8.714010449092573, -12.099999899999997
-15.334095340536031, -10.97181999979232, -12.099999899999997
-13.951925607043464, -12.970525969802212, -12.099999899999997
-12.150804877947673, -14.6017225051215, -12.099999899999997
-10.026652717498271, -15.782265201603451, -12.099999899999997
-7.693094764169224, -16.46124418691273, -12.099999899999997
-5.57121579598115, -16.617797116972064, -12.099999899999997
-3.855690659163539, -16.625063995101502, -12.099999899999997
-1.927844534554362, -16.629105811319878, -12.099999899999997
0.0, -16.630642669741317, -12.099999899999997
4.440892098500626e-16, -16.630642669741306, -12.099999899999997
4.780255488446929, -16.62211418792101, -12.099999899999997
8.716762861298417, -16.23260790455426, -12.099999899999997
12.018796361065435, -14.694732788942321, -12.099999899999997
14.611409895102517, -12.137252672090309, -12.099999899999997
16.193333497113223, -8.856157957243505, -12.099999899999997
16.617943480961248, -5.552605023823501, -12.099999899999997
16.62743261692365, -2.8621897553673947, -12.099999899999997
16.63064194694493, 0.03546598928651011, -12.099999899999997
16.626704485725156, 3.1951322354116143, -12.099999899999997
16.608671250034057, 6.27163852307109, -12.099999899999997
16.233363394853253, 8.714010446579447, -12.099999899999997
15.334095341639546, 10.971819997728478, -12.099999899999997
13.951925608403068, 12.970525968249857, -12.099999899999997
12.150804879398159, 14.601722504083355, -12.099999899999997
10.026652718888489, 15.782265201024732, -12.099999899999997
7.69309476537883, 16.461244186703887, -12.099999899999997
5.57121579654975, 16.617797116967814, -12.099999899999997
3.8556906596589458, 16.62506399510045, -12.099999899999997
1.9278445348005067, 16.629105811319832, -12.099999899999997
3.9296343956607416e-13, 16.63064266974162, -12.099999899999997
2.2224000417736534e-11, 15.764617265957186, -12.599999899999997
-1.8531251732237373, 15.762609145163344, -12.599999899999997
-3.70624926547867, 15.757308751097671, -12.599999899999997
-5.523814098738155, 15.741553131599392, -12.599999899999997
-7.174858005459354, 15.55325996102541, -12.599999899999997
-8.763627559100565, 15.113358871595151, -12.599999899999997
-10.266491519275366, 14.435818067792184, -12.599999899999997
-11.646252075367142, 13.533772472406783, -12.599999899999997
-12.867932655510463, 12.427030303924688, -12.599999899999997
-13.900143595027197, 11.14170500889704, -12.599999899999997
-14.718997900538465, 9.71096757787583, -12.599999899999997
-15.308127830794515, 8.17128966069484, -12.599999899999997
-15.654952687017552, 6.559669474546947, -12.599999899999997
-15.750674940808514, 4.875311529163967, -12.599999899999997
-15.76388117422219, 1.08054946458643, -12.599999899999997
-15.75850991883704, -3.3704682362747507, -12.599999899999997
-15.444003452810058, -7.670373567790508, -12.599999899999997
-13.735010157231944, -11.376919447299345, -12.599999899999997
-10.747305880172078, -14.156168511640516, -12.599999899999997
-6.928783929358499, -15.598417589276114, -12.599999899999997
0.0, -15.76461726595687, -12.599999899999997
2.7755575615628914e-16, -15.76461726595686, -12.599999899999997
1.8531251731129608, -15.762609145163232, -12.599999899999997
3.706249265244546, -15.75730875109817, -12.599999899999997
5.523814098414388, -15.741553131608786, -12.599999899999997
7.174858005037327, -15.553259961107655, -12.599999899999997
8.763627558671384, -15.113358871749897, -12.599999899999997
10.266491518862686, -14.435818068017776, -12.599999899999997
11.64625207499394, -13.533772472694904, -12.599999899999997
12.867932655200667, -12.427030304253853, -12.599999899999997
13.90014359478556, -11.141705009251698, -12.599999899999997
14.718997900357692, -9.710967578257787, -12.599999899999997
15.30812783066715, -8.171289661124034, -12.599999899999997
15.654952686954005, -6.55966947501955, -12.599999899999997
15.750674940803044, -4.875311529767806, -12.599999899999997
15.76388117422155, -1.0805494653107766, -12.599999899999997
15.758509918838513, 3.3704682359012095, -12.599999899999997
15.444003452816837, 7.670373567763966, -12.599999899999997
13.735010157274894, 11.37691944724049, -12.599999899999997
10.74730588023508, 14.15616851160204, -12.599999899999997
6.928783929406979, 15.59841758926814, -12.599999899999997
3.461675390781238e-13, 15.764617265957186, -12.599999899999997
1.922195735915011e-11, 14.898591862172752, -13.099999899999997
-1.743728449318696, 14.89600541209992, -13.099999899999997
-3.4874498475611317, 14.889079629327654, -13.099999899999997
-5.176104799221264, 14.854694549371201, -13.099999899999997
-6.737433050822154, 14.621868126830789, -13.099999899999997
-8.242311209469358, 14.159593898954071, -13.099999899999997
-9.661962583424938, 13.479214836350915, -13.099999899999997
-10.963152331980915, 12.59318246044291, -13.099999899999997
-12.115336374201366, 11.520545996116596, -13.099999899999997
-13.091016284172271, 10.285116376065304, -13.099999899999997
-13.868888731998062, 8.916488634706035, -13.099999899999997
-14.434216610581108, 7.447225690835397, -13.099999899999997
-14.775479187062663, 5.91040555274021, -13.099999899999997
-14.881752651463183, 4.3305134029049706, -13.099999899999997
-14.89787314957724, 0.8766118960237865, -13.099999899999997
-14.89010213461405, -3.295447106462407, -13.099999899999997
-14.482299591152264, -7.2831104654701395, -13.099999899999997
-12.76224426619625, -10.745510856254715, -13.099999899999997
-9.896933033319394, -13.340027147552457, -13.099999899999997
-6.283157449861511, -14.714763334709758, -13.099999899999997
0.0, -14.898591862172422, -13.099999899999997
3.3306690738754696e-16, -14.898591862172422, -13.099999899999997
1.7437284492511187, -14.896005412099765, -13.099999899999997
3.48744984740442, -14.889079629328132, -13.099999899999997
5.176104798974055, -14.85469454938828, -13.099999899999997
6.737433050457126, -14.621868126913537, -13.099999899999997
8.242311208999762, -14.159593899137237, -13.099999899999997
9.661962582875644, -13.479214836666499, -13.099999899999997
10.963152331381139, -12.593182460921497, -13.099999899999997
12.115336373593028, -11.520545996777397, -13.099999899999997
13.09101628360122, -10.285116376913177, -13.099999899999997
13.868888731509609, -8.916488635738967, -13.099999899999997
14.434216610221224, -7.447225692028958, -13.099999899999997
14.775479186870358, -5.910405554075333, -13.099999899999997
14.881752651440205, -4.330513404539642, -13.099999899999997
14.897873149572664, -0.8766118992127139, -13.099999899999997
14.890102134630455, 3.295447103269423, -13.099999899999997
14.482299591794161, 7.283110463213346, -13.099999899999997
12.762244267280767, 10.745510854820616, -13.099999899999997
9.896933034349688, 13.340027146924152, -13.099999899999997
6.283157450446229, 14.714763334603939, -13.099999899999997
2.994271497414047e-13, 14.898591862172752, -13.099999899999997
1.6219914300563687e-11, 14.03256645838833, -13.599999899999997
-1.5985321354657216, 14.029267169995588, -13.599999899999997
-3.1970407441026367, 14.020104278782664, -13.599999899999997
-4.779828751856767, 13.957509253860936, -13.599999899999997
-6.304479578834016, 13.679002345908252, -13.599999899999997
-7.770890613718373, 13.176850731367997, -13.599999899999997
-9.146485303627394, 12.462543182331236, -13.599999899999997
-10.398913593292875, 11.549394096967916, -13.599999899999997
-11.499043991652247, 10.457618967411815, -13.599999899999997
-12.421600240973232, 9.212099067305651, -13.599999899999997
-13.146152931562039, 7.841885174030273, -13.599999899999997
-13.659161611008491, 6.379244796350516, -13.599999899999997
-13.94911237209481, 4.856646755470717, -13.599999899999997
-14.020138884266332, 3.193269216204076, -13.599999899999997
-14.03255427585441, -0.08487232222975066, -13.599999899999997
-14.011672593744693, -3.782055148476409, -13.599999899999997
-13.356976570217283, -7.321364528120534, -13.599999899999997
-11.539723281777995, -10.410258557907802, -13.599999899999997
-8.770251347538826, -12.684363451089753, -13.599999899999997
-5.389478321049752, -13.874595965808647, -13.599999899999997
0.0, -14.032566458387976, -13.599999899999997
1.6653345369377348e-16, -14.032566458387974, -13.599999899999997
1.5985321356380178, -14.029267169994577, -13.599999899999997
3.1970407443964044, -14.02010427877945, -13.599999899999997
4.779828752189282, -13.957509253825535, -13.599999899999997
6.304479579175724, -13.67900234581863, -13.599999899999997
7.770890614030671, -13.176850731234117, -13.599999899999997
9.146485303904793, -12.46254318215951, -13.599999899999997
10.398913593535573, -11.549394096761263, -13.599999899999997
11.499043991851329, -10.457618967181508, -13.599999899999997
12.421600241127672, -9.212099067060722, -13.599999899999997
13.14615293167236, -7.841885173778098, -13.599999899999997
13.659161611079302, -6.379244796088624, -13.599999899999997
13.949112372125251, -4.856646755204754, -13.599999899999997
14.020138884271118, -3.193269215717991, -13.599999899999997
14.032554275854578, 0.08487232285222839, -13.599999899999997
14.011672593730545, 3.7820551491645937, -13.599999899999997
13.356976570004267, 7.321364528691182, -13.599999899999997
11.539723281445932, 10.410258558297377, -13.599999899999997
8.770251347164223, 12.684363451300419, -13.599999899999997
5.389478320778972, 13.87459596585418, -13.599999899999997
2.527422715559169e-13, 14.03256645838833, -13.599999899999997
1.3088197192701045e-11, 13.119162947650748, -14.099999899999997
-3.0471582791179888, 13.097367679150729, -14.099999899999997
-4.991537461026325, 12.891840076752052, -14.099999899999997
-6.856730965032137, 12.317484785695259, -14.099999899999997
-8.57876013764794, 11.399138469264313, -14.099999899999997
-10.09250342246423, 10.167346528992852, -14.099999899999997
-11.340077808242295, 8.666593711646458, -14.099999899999997
-12.276322335788011, 6.954241896497182, -14.099999899999997
-12.869945407940174, 5.095090146169455, -14.099999899999997
-13.094738520920151, 3.1595939327712785, -14.099999899999997
-13.118575743506748, 0.4971883995585323, -14.099999899999997
-13.10412246059952, -2.720608561575124, -14.099999899999997
-12.931742949508939, -4.7873104048176325, -14.099999899999997
-12.369082011310608, -6.730340009301841, -14.099999899999997
-11.434915044492422, -8.524559937090284, -14.099999899999997
-10.162680283224066, -10.097217089844063, -14.099999899999997
-8.601753318227448, -11.38380754919251, -14.099999899999997
-6.816125849692641, -12.334276266675994, -14.099999899999997
-4.878268887225982, -12.914506732170741, -14.099999899999997
-2.878123720809786, -13.10135485583932, -14.099999899999997
0.0, -13.119162947650382, -14.099999899999997
1.1102230246251565e-16, -13.119162947650382, -14.099999899999997
3.0471582793104, -13.097367679145338, -14.099999899999997
4.991537461284961, -12.891840076698482, -14.099999899999997
6.85673096522753, -12.317484785613779, -14.099999899999997
8.578760137772347, -11.399138469181622, -14.099999899999997
10.092503422487855, -10.167346528969428, -14.099999899999997
11.34007780818696, -8.666593711728051, -14.099999899999997
12.276322335683986, -6.954241896740493, -14.099999899999997
12.869945407847151, -5.09509014659988, -14.099999899999997
13.0947385209123, -3.159593933295512, -14.099999899999997
13.1185757435054, -0.4971884003360228, -14.099999899999997
13.104122460610762, 2.7206085608550086, -14.099999899999997
12.93174294959959, 4.787310404329377, -14.099999899999997
12.369082011508691, 6.730340008808216, -14.099999899999997
11.434915044802432, 8.524559936618147, -14.099999899999997
10.162680283648227, 10.097217089416434, -14.099999899999997
8.601753318733163, 11.38380754885497, -14.099999899999997
6.816125850118801, 12.33427626650128, -14.099999899999997
4.878268887511882, 12.91450673211569, -14.099999899999997
2.878123720950277, 13.1013548558368, -14.099999899999997
2.0389245847241e-13, 13.119162947650748, -14.099999899999997
