6.808870041435302e-16, -0.14887998619314877, 0.9888305501032125
-0.00013533258198772624, -0.16728579710956204, 0.983959469290418
0.022573800184841165, -0.16555109257523182, 0.9837675582639805
0.061857006827069856, -0.14866341436682812, 0.9809823763569825
0.08980439307756292, -0.11239784077019602, 0.9747144457851555
0.1176059670642228, -0.09183126596216726, 0.9771253063946509
0.13685329777388283, -0.07612946571735311, 0.9779598158117604
0.15367694258980738, -0.06048996249114118, 0.9781306957553881
0.17342817938359426, -0.0425721994039901, 0.9768086030795029
0.19382926146265206, -0.012968313541314471, 0.9752299395628566
0.196900114312399, 0.03605148975967768, 0.9762715207960158
0.18261056333089382, 0.06119292509170534, 0.9771511522894647
0.16492149706100617, 0.08796388901856966, 0.976548990929817
0.1422409337412688, 0.1177410873567009, 0.9741356133362675
0.11109690635304609, 0.15369222629169474, 0.9687223999559852
0.0721232562247199, 0.1832915026989751, 0.9609798781427417
0.052200020563413205, 0.20927024419103898, 0.9629131309248922
0.034147181830539206, 0.22786314313360018, 0.9630877294979052
0.011712932038481711, 0.24593280489026098, 0.9620722332713918
-9.33690573534059e-05, 0.2540580340069739, 0.961072235495127
-1.6720053194827854e-17, 0.25383207681476433, 0.9611124542538283
-1.6706260671106072e-17, 0.2540495934716832, 0.9610550075892638
0.0007357923906628919, 0.2732456593202872, 0.955870127610142
-0.09343117156079948, 0.21760045580189658, 0.9678594190115877
-0.18614635588773396, 0.14749544222809857, 0.9652970162311005
-0.2702096523622893, 0.037077880364683014, 0.9467546010454422
-0.27880581089994055, 0.030406564404967574, 0.9478289736470743
-0.2850040671146775, 0.025296203340418086, 0.9481956551112967
-0.2906992967240782, 0.0202445212922602, 0.9482274375948155
-0.3003997380071574, 0.013816370054716155, 0.9469997194604838
-0.3009978831461366, -0.016468444033695507, 0.9493086973164119
-0.26443010522213617, -0.08742325589050058, 0.9584155090296212
-0.2265390447229462, -0.14117211949831546, 0.961868489318486
-0.18437774753665473, -0.19353482255413884, 0.9617452885978534
-0.135130204854845, -0.24732847473577044, 0.957908809317965
-0.07305411910045777, -0.3078338399378931, 0.9485640921633293
0.0014176100001451507, -0.36079343490895355, 0.9326078658102583
0.0004343650211087124, -0.3596638868337538, 0.9330667528357771
0.000296815293165759, -0.35937001246450057, 0.9331889105697603
0.0002168372614922351, -0.3591794293280857, 0.9332666165834133
0.00012014322492106345, -0.3590546304941293, 0.9333165368117774
5.337066905829158e-17, -0.3590016841023624, 0.9333369117374859
3.4264553910337747e-15, -0.3590366446951426, 0.9333207341366807
-0.00120403266688254, -0.3678523973877493, 0.9293593907952694
0.14063216719820806, -0.26911865480127806, 0.9517011262006991
0.2510368252206509, -0.16960690496140038, 0.9517117262187172
0.3643940616257754, -0.03529031670420656, 0.9284323720802824
0.3893985325583548, 0.0005628049752805278, 0.9192849197143745
0.3890315257372313, 0.00017968833420555242, 0.9194426038541159
0.38907770300469424, -9.458495391180752e-05, 0.9194250055589991
0.3895091822174473, -0.00037562503867094317, 0.9192562535349174
0.3794488999058462, 0.019678387510050882, 0.9224362340541429
0.3341470218863243, 0.08911296750724185, 0.9349497145363396
0.2838495045805332, 0.1570946991726472, 0.9435695484165108
0.23335050187133888, 0.21678178754151176, 0.9460077514552274
0.17876578422693373, 0.2733211110069654, 0.94348119114066
0.11665841647777606, 0.3305060503975732, 0.9349559013807967
0.04008161397654269, 0.39205483330242374, 0.9174726648674608
-0.0009997568882139046, 0.4196723930814352, 0.9052662400287668
-0.00042648132354851983, 0.4192628641189864, 0.9054642447644867
-0.0002951163275937263, 0.4191396293092555, 0.9055148491595821
-0.00016223879709611702, 0.4190667257860161, 0.9055441993270297
-5.182038319670987e-18, 0.4190357296427521, 0.9055568672291839
-5.179202695710458e-18, 0.41907069023552296, 0.9055406896283832
0.0009807565570190365, 0.4271495545523796, 0.9018493417189088
-0.1364432639527705, 0.33470919194313525, 0.9299729059658766
-0.25796299105133164, 0.23129167329726674, 0.9361726152349126
-0.3722227656847547, 0.10730945806018391, 0.9197470229224061
-0.44946161557997655, -0.001075529248563876, 0.8914557514806594
-0.44906348047878997, -0.00032293048804426106, 0.8916602803955147
-0.44906589878364395, -2.7757260749230867e-05, 0.8916624779083333
-0.4492375315033742, 0.00032415668780753443, 0.8915922666426522
-0.44846286905955135, -0.005524367106516892, 0.8914851258825575
-0.411244335015973, -0.06731122767831829, 0.9066802471796215
-0.3501117887526693, -0.15296313537542836, 0.9228302430631091
-0.29224944837214323, -0.2240135756081666, 0.928920280671501
-0.23114947924812732, -0.290081963691214, 0.9281661195751555
-0.16393294956555202, -0.35461741289192106, 0.9202887013659503
-0.08169858721165756, -0.42319261991740276, 0.902344833716036
0.001537180786264676, -0.47962431079999307, 0.8774706096278343
0.0005458993054918075, -0.47913256268013066, 0.8777410489583598
0.00037188782349732594, -0.47909421931639495, 0.8777626719877991
0.0002043343692816856, -0.47907882107794447, 0.8777718618422629
7.846185514203841e-17, -0.47906977518318156, 0.8777768227208644
5.036645498936633e-15, -0.47907303567570253, 0.8777749920948734
-0.0007804208851047048, -0.4795055565904759, 0.8775345778265505
0.12605518650958714, -0.3908726156497324, 0.9110036771379788
0.25052785597433186, -0.2833706663682885, 0.924366237346805
0.3570066345432307, -0.1681368040858805, 0.9159436182847126
0.451246195667391, -0.04187583451574721, 0.8853130013985677
0.46500601486130333, -0.027496822901397266, 0.8831691157159244
0.48437030204438153, 0.0004486118710826703, 0.8747993888670932
0.48430700089788026, -0.00011873533331585298, 0.8748367165750071
0.48444304923621284, -0.0005683303843312123, 0.8747618298505008
0.45437445725226006, 0.04446113906799648, 0.8888355267664879
0.4069083897608975, 0.10790485472741791, 0.9022092412032579
0.35069902547425436, 0.1789538773699335, 0.9144137498488323
0.2862534487958469, 0.2515578717703299, 0.9208667344740121
0.21917874263754922, 0.31759759906991114, 0.9191859044500847
0.14247703659715966, 0.38370374000760077, 0.9087182797928225
0.06561893689800244, 0.44265543329730517, 0.8907806967902863
0.008812079989127752, 0.4834072590800194, 0.8752873696658536
-0.0005008632953552888, 0.48951767776002775, 0.8719113827184899
-0.0002581296476807463, 0.48952708109277365, 0.8719057229015836
-1.5636395963145887e-19, 0.4895348875915895, 0.8719011132526522
-1.5631524314366728e-19, 0.48953814808411, 0.8718992826266612
0.0006121744284890095, 0.48985264067066603, 0.8717242981110462
-0.07341108816005758, 0.43941678515856863, 0.8922713214071415
-0.198027675934002, 0.3415540812240905, 0.9155442716164622
-0.2953100211670498, 0.2477917024507384, 0.9177222869847703
-0.38087427109656236, 0.1493630277277825, 0.9046944238086583
-0.4367512136931306, 0.08338209484131574, 0.8940149660222898
-0.4949706121161931, -0.001168094202511742, 0.8688448980686309
-0.4947377091459723, -0.0002405769602419164, 0.8689805173983273
-0.4948159000189283, 0.00012483711879906085, 0.8689366905486386
-0.484793438118593, -0.01459137269014777, 0.8736290707945187
-0.47223859492952275, -0.03148620643424821, 0.8768052635184098
-0.4193806053742218, -0.10814275303446122, 0.898205779920821
-0.3503735171524921, -0.195471171711699, 0.9141396554267711
-0.2832830312074533, -0.2694070627712716, 0.9191939458695851
-0.21130623837735849, -0.33890366383616544, 0.9159629189978868
-0.13390737269984523, -0.4050390025447319, 0.9043264474863337
-0.018174177743969913, -0.48766771874466114, 0.8728400757235293
0.0006298552927998758, -0.4999345734756353, 0.8660629099549908
0.0003119249260312708, -0.4999753411076136, 0.8660395839608984
7.256327557595709e-17, -0.49999999999999317, 0.8660254037844426
5.0234552373086226e-15, -0.49999999999999317, 0.8660254037844427
-0.00044779833677109556, -0.49994385787460566, 0.8660576992570186
0.028059325545534506, -0.4812540193995532, 0.8761319270507515
0.15734497088373336, -0.3866435454816007, 0.908707504455551
0.25272798598438906, -0.3027594117228792, 0.9189479288221987
0.3387404421326359, -0.21370064899010827, 0.9162897585901716
0.42246182766374824, -0.1115586248610212, 0.8994890306208305
0.5002630316185712, 0.0015138377564986197, 0.8658721652626543
0.4999499303624727, 0.0004150028246900402, 0.8660542100857251
0.49999811416905227, 9.563301925875756e-05, 0.8660264872843448
0.49997367123919734, -0.0003117069931886113, 0.8660405480419742
0.5000698744568753, -0.0010646149888102004, 0.8659844032201702
0.4426915203044042, 0.08414501516929995, 0.8927170744618765
0.36751243955678103, 0.18047776020551043, 0.9123389627686755
0.29578985616663667, 0.2599848922609479, 0.9191932335227944
0.21952466652425828, 0.3335288954315776, 0.9168246103782565
0.13527648146496352, 0.4042351670448225, 0.9045961028663122
0.01890215110519876, 0.4872031096550504, 0.8730836366045622
-0.0006152542386179964, 0.49992924530659455, 0.866066031465682
-0.0003041469239054302, 0.49997333114981823, 0.866040747059694
0.0, 0.4999999999999965, 0.8660254037844406
0.0, 0.4999999999999965, 0.8660254037844406
0.00043649645071067405, 0.49993943971802585, 0.8660602553700225
-0.028536426380189547, 0.48094132182951055, 0.8762880657278698
-0.15736587634875882, 0.3866327686234397, 0.908708469566267
-0.25264012677734254, 0.3028442908961165, 0.9189441159892173
-0.33861523956826944, 0.21384640314999076, 0.9163020267873768
-0.42218914465391433, 0.11192466632273632, 0.8995715833930554
-0.500245176188598, -0.0014856751038485254, 0.8658825298820074
-0.4999460295360798, -0.0004046260203164434, 0.8660564668270289
-0.4999979448208913, -9.343457048577452e-05, 0.8660265852970184
-0.49997165817560185, 0.0003035923445410066, 0.866041713082833
-0.5000564278894561, 0.0010415036984373685, 0.8659921960829252
-0.44254441622793694, -0.08435123570488373, 0.8927705588723615
-0.3675444719994425, -0.18044733694161083, 0.9123320770245685
-0.29588040357671197, -0.2598918313479802, 0.9191904138221398
-0.21965720606920966, -0.3334137172338536, 0.9168347714314571
-0.13551777523739955, -0.40405168551418613, 0.9046420091485474
-0.0196263410013813, -0.48673644567536567, 0.8733283680948281
0.0006006223763789295, -0.4999216701923178, 0.8660704145303458
0.0002963689217669772, -0.4999713211920104, 0.8660419101584969
4.462001479718702e-17, -0.4999999999999943, 0.8660254037844419
4.735493653965885e-15, -0.4999999999999943, 0.8660254037844418
-0.0004254493960220095, -0.4999351410798358, 0.8660627423588756
0.028153839918414438, -0.48118617881017767, 0.8761459615639352
0.15105760563646284, -0.391376916285861, 0.907238445149146
0.24247895711679288, -0.31173043365552744, 0.917801272535534
0.32335919669734103, -0.22920934523566538, 0.9163912503444837
0.40027661852677143, -0.13738734929901525, 0.9027843728940407
0.47079555605901735, -0.038107647142604416, 0.8754165120317349
0.4783408112766391, -0.03034821476863186, 0.8748800156970773
0.4942789114931531, -0.008514257526969724, 0.8690613187895181
0.49995463865088363, -7.859877336077075e-05, 0.8660515028647933
0.5000342378434806, -0.0007253681880814069, 0.8660051688350696
0.4568854570433622, 0.06323028146903958, 0.8860916580076491
0.4064083303612738, 0.12723441201678323, 0.8987460240049261
0.3420632239709499, 0.2052513222298007, 0.9114888384278153
0.2687032408195001, 0.283662156107047, 0.9162076748252237
0.190136536584468, 0.3563624660180568, 0.9108611393230208
0.09232736103195426, 0.4332073362659676, 0.8913011725957245
0.02912441035756245, 0.4802351331476755, 0.8758754226415371
-0.000395300298936166, 0.49993788889873236, 0.8660611639516624
0.0, 0.4999999999999959, 0.866025403784441
0.0, 0.49999999999999595, 0.866025403784441
0.00036706044972614727, 0.49994706338046646, 0.8660558847357589
-0.013266074037078844, 0.49083329395820097, 0.8709569580824308
-0.10276277680615588, 0.42766786856828176, 0.8960073623632518
-0.1909260115521019, 0.3567861693310739, 0.9119816562880496
-0.26456186797097736, 0.28837305500559995, 0.9167083764766774
-0.33235839322423716, 0.216232513314292, 0.9126759583322861
-0.3945752147911817, 0.14057613446746828, 0.9000860520567378
-0.432349334637551, 0.09580729121978682, 0.8936621811041581
-0.48283307998295305, 0.02573938514477205, 0.8751348979539895
-0.4999226046042955, -0.0003633499206513903, 0.8660699220361381
-0.5000013240773312, 0.00011304790334860958, 0.8660244690131079
-0.4856278284366361, -0.020906681416015774, 0.872716008420566
-0.4726307284521001, -0.03655568429581171, 0.8755939915835818
-0.40999259583350456, -0.12487768750666318, 0.9001572384365548
-0.3329084228365004, -0.21853040347316638, 0.9153849215053605
-0.25450007111621764, -0.300164233650461, 0.9181894657852587
-0.1689554578753226, -0.37678672606806024, 0.9102447816141923
-0.058859814362699915, -0.4605417269002112, 0.8856838518819331
0.0004942316759594753, -0.49990445660545646, 0.8660804177448268
-1.785467603959081e-18, -0.4999999999999954, 0.8660254037844414
4.4100898208412514e-15, -0.4999999999999954, 0.8660254037844413
-0.00030869260551040137, -0.4999589808504747, 0.8660490298907817
-0.0008273339843451062, -0.49996576324445124, 0.8660447742602303
0.05864089219729049, -0.46062526258581826, 0.8855433602470609
0.14432774167543327, -0.396911779253768, 0.9061364602835026
0.21509661604510427, -0.3373000080858366, 0.9162177197264765
0.27954974682726863, -0.2762746438707148, 0.919230643538357
0.34038737480805237, -0.21158239198369852, 0.9158498021578173
0.39960462610032693, -0.1408489947060097, 0.9054216080326916
0.4658013885988032, -0.050507974880609874, 0.8827509371197451
0.5000063314904142, 0.0008652218824832538, 0.8660211567650944
0.49996724700713746, 0.0002388546233931239, 0.8660442756210582
0.4999835273586688, -0.00014835247059639115, 0.8660348909932931
0.49998805542295727, -0.0007560202433931241, 0.8660319243055279
0.4522769163449174, 0.06904164316397862, 0.8873559917727762
0.3734948680303697, 0.17194447158654894, 0.9099099303271112
0.2870455647620539, 0.26822003232980385, 0.9187440547369192
0.19274483358756497, 0.35676648072820283, 0.9136481565617658
0.07543948791878924, 0.448763783699732, 0.890216829271754
-0.0005162067981288371, 0.4998958048434663, 0.8660853983573902
0.0, 0.4999999999999952, 0.8660254037844414
0.0, 0.4999999999999953, 0.8660254037844414
0.00026693771467070876, 0.4999657403635727, 0.8660451405109737
0.0006184862424533856, 0.4999333320385779, 0.8660636442931695
-0.0276372627633567, 0.4810722742983573, 0.8754031396246543
-0.10903147425444415, 0.42364495460301066, 0.8981401275917082
-0.1875012702613098, 0.36107343071042347, 0.9127929515442103
-0.25541428277919553, 0.29972200337341764, 0.9186316002997676
-0.3186920212290703, 0.23535356681963016, 0.9176743231707514
-0.37940415630480795, 0.16582075516151468, 0.9097720449992552
-0.44319074850168283, 0.08280954783725812, 0.8919056402936899
-0.5002054483061154, -0.001425898082562761, 0.8659054227203501
-0.49993207348596735, -0.0003303956739213751, 0.8660645502670765
-0.49999254015407574, -5.830257096618141e-06, 0.8660297003448604
-0.4999685878006588, 0.0004327510168027004, 0.8660433853862579
-0.4863865709774158, -0.019033139666032206, 0.8721120475521192
-0.4093547324712389, -0.12792741335249164, 0.9024582573066932
-0.3152069370355768, -0.23927360628561103, 0.918057917528827
-0.21432950781451673, -0.33815233148107865, 0.9162915983866176
-0.092015097561492, -0.43698822828271644, 0.8947481096973932
0.0005381819198580889, -0.499887153081485, 0.8660903789699486
-6.634073804348502e-17, -0.4999999999999965, 0.8660254037844407
4.045398413302657e-15, -0.4999999999999965, 0.8660254037844406
-0.00022518930983998861, -0.49997249856957743, 0.8660412518832826
-0.00040980238076420393, -0.4999009331666832, 0.8660824955391222
-0.0012078838504562092, -0.5000979764270244, 0.8659679841516924
0.07589748840078292, -0.4485131364897263, 0.8904096402708755
0.162030435080128, -0.38276658336059227, 0.9093898127823461
0.23300221216664957, -0.32112389631209126, 0.9177431342132326
0.29793138463644736, -0.2575353132606444, 0.9189225395375092
0.35932327029950817, -0.18980990189555086, 0.9133084351987109
0.4207976024916382, -0.11318103410758455, 0.8993762606694762
0.4853668052004725, -0.02049962079070529, 0.8727562104372067
0.4999794506690296, 0.0006435173845519258, 0.866036894938282
0.49997377840267565, 0.0001485315648527329, 0.8660405208204563
0.4999679063736573, -0.00018080950490656562, 0.866043898906756
0.4999721374819887, -0.0007256464735227396, 0.8660411386287117
0.44508300717466204, 0.07852398908446462, 0.8894889864076061
0.34797595101826445, 0.2018753400113169, 0.9138944545866825
0.24202811182173783, 0.31215633051159075, 0.9177884523226902
0.11801902142157272, 0.4171870674665681, 0.9005132594145118
-0.0007066506659832127, 0.49992161325848095, 0.8660703500706483
0.0, 0.4999999999999948, 0.8660254037844417
0.0, 0.4999999999999948, 0.8660254037844417
0.00019957366394005477, 0.4999755194399874, 0.8660395137998956
0.0003627774317662611, 0.4999115527763478, 0.866076385448663
0.000867217217330671, 0.4999819999292274, 0.8660352843292611
-0.047872034263314614, 0.46760441985976137, 0.8819562657857394
-0.14035102082825837, 0.3999882291690532, 0.9052904186239734
-0.21172047408395414, 0.34020067443075896, 0.9157846595968735
-0.27578300772225695, 0.27986881378429906, 0.9190823334441387
-0.3360441184784661, 0.21622825370059914, 0.9160940356024608
-0.39461273683703246, 0.1467642772828674, 0.9062087925844455
-0.4554557716108598, 0.06496231387806715, 0.8865894912986044
-0.5001092449356697, -0.001178215430658191, 0.8659613869353602
-0.4999273037069806, -0.00028008039536634425, 0.8660673169181892
-0.49998591785832136, -7.613658032885407e-07, 0.8660335195090757
-0.499964345143075, 0.0003965972066218369, 0.8660458504857644
-0.48515904151531847, -0.020536717835072674, 0.8723708923948412
-0.38438394634900563, -0.1595157959617762, 0.908536699821187
-0.2717465090006759, -0.284114602913416, 0.9192595951784548
-0.14403233166061594, -0.39737843684749896, 0.9062801638713254
0.0008751194122360613, -0.49995607343559584, 0.866050321171279
-1.4868416440612256e-16, -0.49999999999999756, 0.86602540378444
3.639283636059552e-15, -0.49999999999999756, 0.8660254037844402
-0.00017396193363025295, -0.4999785394277933, 0.8660377762250675
-0.00031576477500612303, -0.4999221671575458, 0.8660702783705873
-0.0005330851550843334, -0.49986824884592646, 0.8661012929109511
0.022335200070298888, -0.4849815997672459, 0.874234946494724
0.12163729728388831, -0.41482953307911946, 0.901726215668374
0.1941634388384784, -0.355890648671633, 0.9141232771021948
0.25826672060249517, -0.2974354763713307, 0.9191245915211836
0.3183799163797336, -0.23609975985482662, 0.9180510599365459
0.37588860388532835, -0.17045760845141433, 0.910780537177933
0.43479300393933373, -0.09487266995357543, 0.8953517032646188
0.4961876550569114, -0.00479082037110932, 0.8680991208348054
0.4998896054012074, 0.0003688622104756637, 0.8660890508012219
0.49999025748781223, 0.00010775173771999401, 0.8660310213389432
0.4999650995607854, -0.0002113154065411947, 0.8660455260235504
0.49992121313515386, -0.0007540757537496001, 0.8660705380190945
0.3999263974115636, 0.14072154986587226, 0.9055712311118935
0.28271986697130413, 0.27327197754527754, 0.9193753813927499
0.1529433155802943, 0.39020737399583916, 0.9078620409088773
-0.0009606176053614983, 0.4999765033635404, 0.8660384318432439
0.0, 0.49999999999999434, 0.8660254037844419
0.0, 0.49999999999999434, 0.8660254037844419
0.00016470526097146668, 0.4999776168985704, 0.866038310576259
0.000299050752217442, 0.49991884399398434, 0.866072202356283
0.0004976353794162268, 0.4998562471380842, 0.8661082398333785
-0.017300324092186785, 0.4882199304910957, 0.872527145392674
-0.11695064121746712, 0.41840141931095837, 0.9006819222287339
-0.18862340047407944, 0.360638369025864, 0.9134057318232469
-0.25161662523232303, 0.3037943403708673, 0.9188687850959424
-0.3105439169781278, 0.2444702830119568, 0.9185204469436857
-0.3667340557569545, 0.18138793271217224, 0.9123765814430289
-0.42291298351910456, 0.11085188301317621, 0.8991882987621117
-0.48820708710253735, 0.01727533586246977, 0.8724542388739653
-0.4998606321140058, -0.00041500383253420737, 0.8661057520868853
-0.49998094653306957, -0.00014038841607045112, 0.8660363921391592
-0.49997438043114095, 0.00016912353694338917, 0.8660401774103479
-0.49986578060017534, 0.0005606486337635899, 0.8661026850112331
-0.4088155438547365, -0.12941257019834507, 0.9033410177762942
-0.291149644965161, -0.2647484547649633, 0.9192943856087658
-0.16184502453001315, -0.38304309552431987, 0.9094415776091768
0.0010461157988530118, -0.4999969332916071, 0.8660265425151377
-2.4839483514866586e-16, -0.4999999999999985, 0.8660254037844395
3.189257812432761e-15, -0.4999999999999985, 0.8660254037844396
-0.00015545342850325046, -0.4999766918014543, 0.8660388464089616
-0.00028236564736308466, -0.49991548746332176, 0.866074145590043
-0.0004952787335851023, -0.4998523767129886, 0.8661104591973094
0.018203853797478225, -0.4874355671199594, 0.8726320616600026
0.11834447014784671, -0.417206499932682, 0.9008469760654731
0.19055172138474516, -0.35882451348614985, 0.913497889943301
0.25432125932647115, -0.30098752220836084, 0.9187785617611886
0.3142750082118112, -0.24020466545480015, 0.918038911301873
0.3723136648489408, -0.17433998617482327, 0.9110201034775705
0.43139582178985336, -0.09861138570126579, 0.8956382200454678
0.48811862215933555, -0.01753170915719496, 0.8725056041806404
0.49987810458144905, 0.0003630939660424748, 0.8660956805155726
0.499974760279862, 8.054117361346654e-05, 0.8660399616821044
0.49993398703393255, -0.0002667561430126405, 0.8660634487487688
0.4753354033132072, 0.03529611680578487, 0.876968858388605
0.3793671221569056, 0.16449583369571333, 0.9084362823033876
0.2639528626772366, 0.2910814705450189, 0.918529030906491
0.13717479295472465, 0.40241905713805015, 0.9045622429649767
-0.0007687733393870666, 0.49990767525334306, 0.8660783091872959
0.0, 0.4999999999999939, 0.8660254037844421
0.0, 0.4999999999999939, 0.8660254037844421
0.00016639808971741958, 0.49996629481342325, 0.8660448464706254
0.00030650535666227, 0.49987948490856265, 0.8660949164564357
0.0009177117522856454, 0.49995567159567245, 0.8660503984589012
-0.055699920009795074, 0.46191893280896074, 0.8839621331453806
-0.14413309529644108, 0.39690926020141704, 0.905888068088275
-0.21408152609518313, 0.3380525523435408, 0.9159521572535708
-0.2774250228046473, 0.27821711227070656, 0.919069925158776
-0.33734330902274695, 0.21484066701700277, 0.9159916421112977
-0.3960337866162522, 0.14519435530204905, 0.9060652360185578
-0.4607241399682743, 0.05750304223307446, 0.8845465959590323
-0.4959215724902967, 0.005560764370054068, 0.8682535854756267
-0.4999419444745686, -0.0002133276789445544, 0.86605888123841
-0.4999717059419627, 7.147948062269157e-05, 0.8660417258019437
-0.4998575909978773, 0.0004681627050728215, 0.8661074633107742
-0.44017554267260817, -0.0866274084359203, 0.8925393047287855
-0.33945530133049734, -0.21228324119375902, 0.9155716960143462
-0.23248060903850887, -0.3216111483694898, 0.9176935198717914
-0.1124890510926387, -0.42180732528161213, 0.8996799713343431
0.0004914308798970604, -0.4998184172150766, 0.8661300758594553
-3.6497989376373864e-16, -0.49999999999999933, 0.8660254037844392
2.692425983529111e-15, -0.49999999999999933, 0.866025403784439
-0.00017733728845697883, -0.49995589952281516, 0.8660508455533988
-0.00033060779345920406, -0.499843503988216, 0.866115674848546
-0.0013045653754052682, -0.5000473222097153, 0.8659970976037584
0.08829550992461732, -0.43971111760235687, 0.8937853125650645
0.16503178902420895, -0.3804463088478653, 0.9099573561324632
0.23163151554736564, -0.32254975710597716, 0.917773182369086
0.29307864706440623, -0.26278676235803194, 0.9192649137796967
0.351261825078949, -0.19954982047146164, 0.9147647692857752
0.408055056182524, -0.13046192167939047, 0.9035859331253324
0.4735708638154919, -0.03965698099429505, 0.8798433158868594
0.4998102738863221, 0.0004246795750113177, 0.8661348101466948
0.4999711945530484, 0.00013726855808428125, 0.866042023080934
0.4999696395944895, -0.0001417457694167992, 0.8660429200087685
0.4998162627584032, -0.0005412409359784092, 0.866131289129231
0.42811589909201353, 0.104071354550522, 0.8977055115412664
0.33056716168762024, 0.22285526237312644, 0.9170926104330134
0.22930577028893007, 0.324688422295082, 0.9176035471448798
0.11360541675790489, 0.4209690547549527, 0.8999315624363063
-0.000499478725360412, 0.4998047072280708, 0.866137982563066
0.0, 0.49999999999999356, 0.8660254037844423
0.0, 0.49999999999999356, 0.8660254037844423
0.0001675105906823213, 0.4999518123954675, 0.8660532068550091
0.0003152060934910039, 0.49982946358723246, 0.8661237829982105
0.0012698274730713677, 0.5000036017380423, 0.8660223911975136
-0.09194473250060717, 0.43705282993896255, 0.8947123658049019
-0.1671058431338478, 0.37874477311494525, 0.910286243700097
-0.23264790654232043, 0.32161572719225595, 0.9178433963903743
-0.2932737424063955, 0.26258650454630567, 0.919259903216737
-0.35072989439039115, 0.2001679668781534, 0.914833731100674
-0.40676682277744436, 0.13212861540398846, 0.9039243264149761
-0.4699556848126475, 0.04504544236066673, 0.8815207793104376
-0.4997930778714581, -0.0004373957984329503, 0.8661447266941957
-0.49996595530875804, -0.00013470112897050033, 0.8660450481097632
-0.49996855707222587, 0.00013059341521444649, 0.866043546705445
-0.49979949134339885, 0.0005250680279957126, 0.8661409771766263
-0.4261008633690976, -0.10678084217008472, 0.8983484090379208
-0.3295941933573572, -0.22393242150579346, 0.9171810979927953
-0.22919662414734635, -0.32479154452651715, 0.9175943307331904
-0.11473130681991818, -0.42012331866227554, 0.9001850491794675
0.0005075265713358908, -0.4997909972411571, 0.8661458892666231
-4.978584809713199e-16, -0.5000000000000001, 0.8660254037844386
2.1453328325594896e-15, -0.5000000000000002, 0.8660254037844385
-0.0001576990373277071, -0.499947696107053, 0.8660555849853566
-0.00032920352840354973, -0.49981597398698985, 0.8661315519956769
0.007056846842032578, -0.4943136342297161, 0.8685468493230151
0.1047492239583562, -0.42715748063988823, 0.8974014334634675
0.18054721300329496, -0.3669312867015406, 0.9117426752576135
0.2478599301573894, -0.3065394189556823, 0.917961310934256
0.3112524271663773, -0.24254626494989714, 0.9174063240541419
0.37307842270197233, -0.17200912980654465, 0.909479746379722
0.42952505080165454, -0.09955626143953943, 0.8946070087846739
0.47610475730525204, -0.03575048921697844, 0.8782804307247432
0.4998323923783026, 0.00031085321348823175, 0.8661220588964462
0.4999014988903959, -1.2954332730933e-05, 0.8660822268416567
0.4840717108873954, 0.023465349669656414, 0.873680146725961
0.455428977274844, 0.06081900101252633, 0.8822155757524021
0.37794270853039563, 0.16400047514260901, 0.9066010262017636
0.2864428999762202, 0.26735476665791874, 0.9174199523997826
0.1902503957368501, 0.3581288091232634, 0.9125174137829165
0.07911586234326298, 0.4455655797110894, 0.8906198955332476
-0.00036958057708015476, 0.49979989898610594, 0.8661408114443938
0.0, 0.49999999999999345, 0.8660254037844424
0.0, 0.49999999999999345, 0.8660254037844424
0.00017570308047710185, 0.4999044676467062, 0.8660805329413923
0.0006570067852681669, 0.499821974729637, 0.866127851577728
-0.05891152718497758, 0.45899362458684817, 0.8841834384480212
-0.1479987836542668, 0.39311973552465546, 0.9058743141421339
-0.2215679995517546, 0.3305445129104726, 0.9159007277180449
-0.2888999741190933, 0.2657128759034798, 0.9181496081520435
-0.3532144351726516, 0.19574526346159848, 0.9130560887210406
-0.41841792718898435, 0.11494604624821989, 0.8986897973008313
-0.4763843573455455, 0.03268100742369045, 0.8756269031014599
-0.49199374974572074, 0.011808755492055432, 0.8701346571139563
-0.4999280114737914, -4.55878409029103e-05, 0.8660669254946645
-0.4997917810950168, 0.00027265163438389476, 0.8661455098580102
-0.4595681861362565, -0.05982898091504912, 0.8854511804994492
-0.394054934057545, -0.14567509030156084, 0.9044482033115834
-0.3181731820330058, -0.23489699979919004, 0.9167308396889811
-0.23711893775777423, -0.31696567962060274, 0.9176735930635731
-0.14978769371840284, -0.3927631425866314, 0.9072422942375565
-0.0434921227213375, -0.4710137825353898, 0.8810525330169311
0.00023163458339613876, -0.49980880073111866, 0.8661357336221273
-6.463411751127916e-16, -0.500000000000001, 0.8660254037844382
1.5439693430611119e-15, -0.5000000000000009, 0.866025403784438
-0.0001936830235454908, -0.4998612778278308, 0.8661054585981764
-0.0009447272378705068, -0.4998259750410848, 0.8661253340833022
0.09879227762419918, -0.4319033842934456, 0.8962834923226476
0.17661249183311795, -0.37069025811415324, 0.9115667304940361
0.2441375728342589, -0.3106462222282699, 0.9182959765455373
0.3068492655600246, -0.24802478177239784, 0.9183808343089911
0.3664518844137021, -0.1812218518648665, 0.9119006719831536
0.4267253634068917, -0.1048693106523392, 0.897068601815483
0.4819695872960438, -0.025341013031557093, 0.8739923277346424
0.49927685469452565, -0.0006337635489845455, 0.8664402547822626
0.49993672990186355, -2.4813609915614515e-05, 0.866061919195531
0.4998078851033694, -0.0002873445339104768, 0.8661362190214655
0.4638766736911652, 0.053378791391740024, 0.8833846845085256
0.4094182778082855, 0.1255073018088837, 0.9000545005694118
0.33475954229736443, 0.21664539557329057, 0.9152424349036824
0.25847626061503437, 0.29628671492684655, 0.9182788094125971
0.17442963282965668, 0.37213557744995424, 0.9108731684647483
0.07059281748133141, 0.45193862236410565, 0.8886008487893566
-0.00025633811062874406, 0.49975572906099913, 0.8661663473013821
0.0, 0.4999999999999933, 0.8660254037844426
0.0, 0.4999999999999932, 0.8660254037844426
0.00015164795020987474, 0.4998920121170647, 0.8660877266180862
0.000582632945368562, 0.4997764726157875, 0.8661541454516146
-0.06447102551795436, 0.45597028727452793, 0.8866258585899317
-0.1474520878828705, 0.394169690724939, 0.9063666168552138
-0.21496232480981586, 0.337059179650188, 0.9158100951879912
-0.2767098581214088, 0.2785938425629012, 0.9187627832817984
-0.33495864406380976, 0.2170433109471211, 0.915793628397659
-0.39168885628658157, 0.14988973331121275, 0.9062750060758208
-0.4461143710102537, 0.07778141198439771, 0.8897783291484205
-0.49797636626917696, 0.0021918433467287978, 0.8671858093633089
-0.49985874908227124, -9.910528602588397e-05, 0.8661069238548081
-0.4999357841605745, 9.01810873565657e-05, 0.8660624446843177
-0.4883172325081119, -0.01700202081175636, 0.8716499928474495
-0.4600392813466951, -0.05719724150202227, 0.883549169718625
-0.37422765278835685, -0.171778916408149, 0.9103656813631772
-0.2923424883450925, -0.263203762371629, 0.9189780043678797
-0.20302430921537823, -0.3481677238875148, 0.9150581294959216
-0.09770968100155016, -0.43285199907857064, 0.8961535897116018
0.0002810416377470096, -0.4997026573909163, 0.8661969609806157
-8.096033861541778e-16, -0.5000000000000016, 0.8660254037844377
8.834099914703787e-16, -0.5000000000000016, 0.8660254037844379
-0.00010961950714989397, -0.49992273694167677, 0.866070000099369
-0.00023017166870062795, -0.4997279015473284, 0.8661824122735832
0.033771586552405385, -0.4774951775568819, 0.8779850519651604
0.12390939297361873, -0.41315035998426813, 0.9021894266012574
0.19440735602808776, -0.35573547672931516, 0.9141171450276186
0.25894014139106, -0.29674452560730236, 0.9191012286985971
0.3203149627325851, -0.23391858960054204, 0.9177969965486144
0.3801764365403298, -0.16508146091354117, 0.9096821312873468
0.4419390447723606, -0.08426613502170821, 0.8920352975921106
0.49796958717803486, -0.002208816378669034, 0.8671897230501147
0.4998626382474348, 0.00011428496561928094, 0.8661046795325049
0.4999578663111785, -1.8814762865685966e-05, 0.8660497227941908
0.4997630911063259, -0.00023289092896280143, 0.8661620881097718
0.46107988538800226, 0.05708657371499614, 0.8844694917104203
0.37316290099861826, 0.17362153547081513, 0.9110672488767763
0.2901705782006251, 0.26567875301327804, 0.9192473256289465
0.20188331318538721, 0.34925641835146903, 0.9150059330909213
0.10195095719624156, 0.42971371510048295, 0.8971751985317877
-0.00025832139298326474, 0.49966617062760166, 0.8662180146531564
0.0, 0.4999999999999931, 0.8660254037844426
0.0, 0.4999999999999931, 0.8660254037844426
9.16805393928158e-05, 0.49991888807576257, 0.866072223661634
0.00019296144628395948, 0.4997093396830422, 0.8661931290173894
-0.033267594262514265, 0.4778282756615757, 0.8778228864317398
-0.1276124903318936, 0.41030217783584055, 0.9029648416387757
-0.20225847884113207, 0.34889679023246367, 0.9150192235674215
-0.27072713959258987, 0.28519127767718866, 0.9193083262005588
-0.33571260366609174, 0.21696964517473438, 0.9163918714223507
-0.39934002873464386, 0.1412905866278439, 0.9054451981691546
-0.4696772891607858, 0.044453853462338266, 0.8806608411292114
-0.499257258413636, 0.0006838015810083989, 0.866451571062145
-0.4999483938737613, -2.0735662829877926e-05, 0.8660551882622196
-0.4998742373269588, 7.311994735637887e-05, 0.8660979923246206
-0.4996295344048467, 0.000370827360264018, 0.8662390911373358
-0.4355261468226884, -0.0934909155031998, 0.8946721280923278
-0.35751815612752696, -0.19224946805318116, 0.9137606684664703
-0.28010959692367005, -0.27593477071057315, 0.919419942670884
-0.19795484393171298, -0.3526949875040164, 0.9145574323817807
-0.1061853512480877, -0.42658022363208514, 0.8981948366469162
0.00023560114792527391, -0.49962968386442935, 0.8662390683256149
-9.866505218205776e-16, -0.5000000000000022, 0.8660254037844373
1.5780908090316992e-16, -0.5000000000000022, 0.8660254037844374
-7.374198790094266e-05, -0.4999150420406572, 0.8660744455896202
-0.00015679001673088412, -0.49969132455713283, 0.8662035301101495
0.030968937815791756, -0.4793159348386176, 0.8770454246771066
0.1304434868598673, -0.40812742446956635, 0.9035573899876802
0.210890299840219, -0.3413019697572357, 0.9159456436799164
0.28564295688926306, -0.2701898110382347, 0.9192291112241624
0.3583156694922623, -0.19082841746337692, 0.9131745760543795
0.43063946950164966, -0.0985066736042944, 0.8947047102832657
0.4876062561574444, -0.018388882326352562, 0.8727684847880266
0.4999143585665183, 6.545237548452621e-05, 0.8660748400611257
0.4999912817958624, -2.2436143125105422e-05, 0.8660304368702715
0.49983885021179886, -8.55926368931428e-05, 0.86611841897297
0.4995751315423723, -0.00033116731462797975, 0.8662704868043705
0.4272422349530173, 0.1053029363038302, 0.897984044550832
0.3446396544546203, 0.20702666008070875, 0.9154700600810636
0.2567514763296751, 0.29843912296664843, 0.9186488935568535
0.1566045795719484, 0.38625681836653436, 0.907437790891521
0.05304652724635841, 0.4630726120836605, 0.8822350014889395
-0.0001366912692875002, 0.49975753973373005, 0.8661653140277568
0.0, 0.4999999999999931, 0.8660254037844428
0.0, 0.49999999999999306, 0.8660254037844427
5.162923995284559e-05, 0.49992387286672924, 0.8660693494630926
0.00010547963529586085, 0.4997220888111119, 0.8661857877697611
-0.014446188654341323, 0.48995450139570573, 0.8713914156053091
-0.12949108647489058, 0.40887316944051133, 0.9033567110919998
-0.2204604255359901, 0.33270097195351644, 0.9168176814203954
-0.3039326607109003, 0.25124784314224285, 0.9186423550822
-0.38502944109378173, 0.15886703316881995, 0.9083960363454598
-0.4732606188882096, 0.03773789895610122, 0.8776381903594642
-0.49570982667695035, 0.006094346632053905, 0.8683648213898305
-0.49994039452922756, -3.8365156690924005e-05, 0.8660598127254661
-0.49999129271039733, 1.5222323300793866e-05, 0.8660304307257595
-0.49985165355154104, 5.6281715534953295e-05, 0.8661110324123251
-0.49957540228013886, 0.00016877850865762006, 0.8662703803078047
-0.4273327921020885, -0.10518914110249436, 0.8979542961946481
-0.3333757854953993, -0.21973829693357838, 0.9167710779450242
-0.23273296381922445, -0.32147089030027515, 0.9177584326600536
-0.11560212450708952, -0.4195132961278111, 0.9003570215044359
9.877803182561313e-05, -0.49956952752217093, 0.8662733047375325
3.778139050138952e-05, -0.4998853956031213, 0.866091559729846
-1.1762717960111556e-15, -0.5000000000000028, 0.866025403784437
-6.4015070967650385e-16, -0.5000000000000028, 0.8660254037844372
-2.610072697081685e-05, -0.499906703440594, 0.8660792530087859
0.015491846233221192, -0.4888057303854126, 0.8705811781756599
0.04409231864118259, -0.46477253731584467, 0.8754109976065833
0.1860430303453025, -0.354496590386594, 0.9053282794702575
0.29120813210671775, -0.2512609394585761, 0.9068762367580998
0.36143471012278144, -0.17960044926710264, 0.9052512470717993
0.4239135489297636, -0.10701649984537599, 0.8959920466261739
0.4959101760577674, -0.00550512594331909, 0.8683464857412745
0.4997002933915479, 4.4919374213310656e-05, 0.8661983615456221
0.48628823430711504, 0.020374005934870213, 0.8727570220266208
0.4628573238640255, 0.05195449970696567, 0.8803559171892221
0.4363000512104547, 0.08379972543456587, 0.8853805079953485
0.4048488919676887, 0.1178571193074357, 0.8880986897832722
0.32726656285534544, 0.21354785540241342, 0.9055293528944297
0.23281281308998786, 0.3131913745669384, 0.910286690418955
0.13277185925922785, 0.4001554931533897, 0.8980552312310319
0.057812995346558434, 0.45954858146674427, 0.8833124686227913
-4.595104085752277e-05, 0.4996920604880868, 0.8662031057025312
-1.5625709484167942e-05, 0.499917094963566, 0.8660732625410598
0.0, 0.49999999999999306, 0.8660254037844426
0.0, 0.49999999999999306, 0.8660254037844426
-3.1219193211808837e-06, 0.49968457103647457, 0.8662074022726449
-0.0827849290504054, 0.4414197392017395, 0.8896839641141149
-0.17345017805333462, 0.3636956371741188, 0.9017976948110105
-0.30596818587460606, 0.2394685925036406, 0.9097890118004232
-0.41916525206883626, 0.1005190566303486, 0.8857329809968589
-0.45365104027503306, 0.05989447946486583, 0.8791889889173798
-0.4746260374243111, 0.035682294947518824, 0.8760200418332116
-0.49857368644427297, 0.0018289346735071363, 0.8668354907892231
-0.49958982863587287, -3.0344734628289224e-05, 0.8662620797512152
-0.46460256473734485, -0.05266672030849728, 0.8833969422034413
-0.4094616028610126, -0.1266776687293682, 0.9009548392446982
-0.35251768030274944, -0.19431969474539978, 0.9107864611665079
-0.2895995733061127, -0.26137278909377826, 0.9146561958454233
-0.2145951029797293, -0.33556176387214615, 0.9140664424252152
-0.13145435463708655, -0.40691071416235197, 0.903323722909127
-0.03518918478214127, -0.47655367418669, 0.8784348930738108
-2.9425543907580996e-05, -0.49957832488406184, 0.8662678085015175
-1.1932077354130548e-05, -0.49981112774816683, 0.8661344216892097
-6.5299715408633754e-06, -0.4999487943240328, 0.8660549653522607
-1.3769781107863493e-15, -0.5000000000000032, 0.8660254037844368
-1.5188015582805813e-15, -0.5000000000000032, 0.8660254037844367
2.8928423091969816e-05, -0.4994885016930478, 0.8663205156316444
0.13175064462182123, -0.4069389510743633, 0.9035847399194591
0.24308855584541633, -0.30973828881602355, 0.9164565072672552
0.3448253054453683, -0.2029299450117967, 0.9118982064009632
0.4475195998717702, -0.06849421248441782, 0.8823188596511211
0.46859263376385724, -0.04195920203065778, 0.8763781377572204
0.4845221227916257, -0.022643000890604326, 0.8731077986732072
0.4997976229941924, -3.134239897619091e-05, 0.866142184652013
0.49961597223590437, 1.175284973145001e-06, 0.8662469948666999
0.46743713022998257, 0.0484508848203003, 0.8820053024243066
0.41989829553502056, 0.11206475208884335, 0.8969316083456513
0.3765165287689439, 0.16263200439089615, 0.9035229056052652
0.336189626480332, 0.205343226432755, 0.9059894907265722
0.2684895001417502, 0.2804722619187429, 0.9129788222474873
0.19642060572461756, 0.34906165677340184, 0.9098040014775851
0.10964523063006046, 0.4200512645290068, 0.8950821870480565
0.0399925552149189, 0.47267039217001316, 0.878919336385924
6.902301142012676e-05, 0.49967891159283745, 0.8662106868316584
3.274115483928475e-05, 0.49991431747653614, 0.8660748650309104
0.0, 0.499999999999993, 0.8660254037844426
0.0, 0.499999999999993, 0.8660254037844426
-4.186907338579157e-05, 0.49969295952257975, 0.8662025678606653
-0.06453806771273901, 0.45425763507478184, 0.8845207787684963
-0.13774901909269777, 0.3951684807093372, 0.8980728732659654
-0.24412142427076194, 0.30262351060959336, 0.9109666534289922
-0.3376754047340118, 0.20214196152646272, 0.9043826848940426
-0.3946093670688501, 0.14146107280677894, 0.9006366718875616
-0.4535598231131099, 0.06795907268992477, 0.8872734181364892
-0.49958258069587597, 0.00011148497889230283, 0.8662662302027095
-0.49976641575344993, 4.420932025817834e-05, 0.8661602066375895
-0.48914311174892855, -0.01613830599052046, 0.8713536560659013
-0.47326248433586043, -0.0373705693232535, 0.8763508888672139
-0.4602035341564595, -0.05218096495578825, 0.878171974719876
-0.44074751412817403, -0.078237281386017, 0.8851194978216235
-0.3588590269092356, -0.18706012081239803, 0.9102045596912168
-0.27859613932447075, -0.27576081081506254, 0.9178847720737062
-0.18967192149156495, -0.3593206262939138, 0.9129742124633322
-0.07997937297641146, -0.4457463401319388, 0.8915781748003118
-0.00012611751510032416, -0.4995466767620339, 0.8662869627466667
-5.8952338139657246e-05, -0.4998798406290804, 0.8660947647095364
-1.5869172148337117e-15, -0.5000000000000038, 0.8660254037844366
-2.48963362263221e-15, -0.5000000000000037, 0.8660254037844365
6.0585832258072046e-05, -0.4998857095036673, 0.8660913745554616
0.010744343944363733, -0.49232909496858474, 0.8694812695097757
0.07888188129435719, -0.44338284621238483, 0.8882376863249326
0.2106614516156623, -0.3363431243892823, 0.9111879707288189
0.31570609452883364, -0.2296694160326289, 0.9095623476908605
0.388811303989301, -0.14931801559507307, 0.902531208950121
0.4535436819324658, -0.06798687744444314, 0.8872805423810051
0.49958450122822223, -9.011245982550121e-05, 0.8662651203739871
0.4997980973382723, -6.253801416406324e-06, 0.8661419302182288
0.4996706371702771, 0.0001907124794233856, 0.8662151978289923
0.4807444447154462, 0.02819538929689679, 0.8749043376411815
0.45940752001464946, 0.05607305707300083, 0.8812032393589664
0.4220716468417715, 0.10494918861049171, 0.8925664788680012
0.33814455408444144, 0.21140970924720226, 0.9135120046977587
0.2580507578201269, 0.2963622120648797, 0.9179267487072955
0.17327730560682883, 0.3733669854641378, 0.9108434828339287
0.07635763641539951, 0.448322124948342, 0.8905929853617547
0.00024743302220133563, 0.4994217102101438, 0.866358966378252
9.239798293324291e-05, 0.4998586268122416, 0.866107004327726
0.0, 0.49999999999999317, 0.8660254037844427
0.0, 0.4999999999999931, 0.8660254037844426
-0.00012670537460719857, 0.49975252254537483, 0.8661682125053708
-0.06116747841260379, 0.45777776775102774, 0.8848182316669749
-0.1737137523401786, 0.3679187020054385, 0.9061249699429492
-0.3043916466517524, 0.24483639610836372, 0.9131991260423803
-0.42018783564325934, 0.1041421372816238, 0.8901105012019807
-0.46284757726150205, 0.04986290131143767, 0.8782420817683704
-0.4845103315994455, 0.022672803713017636, 0.8731124114753389
-0.4998034230782729, -3.2788722272838704e-05, 0.8661388329649559
-0.49971115419448064, -0.0001148598261107987, 0.8661920864575808
-0.4991090995893407, -0.0005477421561049321, 0.8665387705025858
-0.45076657334874903, -0.0721829505648781, 0.8887144135300749
-0.4017520561389485, -0.13623665443206853, 0.9026642578735233
-0.3477332473162811, -0.2006285488202367, 0.9123311264334482
-0.2831829398785084, -0.2718410258068584, 0.9184905917467263
-0.21824061197769584, -0.3344860415225944, 0.9163809134362528
-0.1498725933059196, -0.3928408603354108, 0.9072484562580067
-0.07271868627341524, -0.45090958507675477, 0.8896024465191489
-0.00036876153668095326, -0.49929673791178486, 0.8664309733120577
-0.00012584362774185952, -0.4998374129954335, 0.8661192439458979
-1.8037558107882625e-15, -0.500000000000004, 0.8660254037844364
-3.566043731800067e-15, -0.5000000000000041, 0.8660254037844364
0.0001881069530863085, -0.49963149957197917, 0.8662380326175795
0.0964411530660549, -0.43367286301008906, 0.8956499727740221
0.22828344202057135, -0.3251646393935712, 0.9170473522130248
0.33865138251232046, -0.21256197845514477, 0.9150027039896006
0.44563447152586044, -0.07599760607008388, 0.8876195989146116
0.4810881150639402, -0.02727781909488755, 0.8742576783200242
0.49978221461330263, -0.00016139179062103626, 0.8661509401921235
0.49989358390840266, 2.3932692678161757e-05, 0.8660868246738374
0.499750191162349, 0.00013838346247090034, 0.8661695538533646
0.4990893838429734, 0.0005814165570803137, 0.8665501816615943
0.45715597251293105, 0.06258894139402582, 0.8858079713938213
0.4005668949844443, 0.13947766685411697, 0.9047827463709717
0.34261784153185665, 0.20916607667285142, 0.9155186027063342
0.28250907289447313, 0.2734234100947297, 0.9193173999731243
0.21808312708061822, 0.3349190430340317, 0.9166299381205999
0.14675841987373828, 0.3953841824505241, 0.9067129571179494
0.06056847720500737, 0.45930539343475185, 0.8860808961274649
0.0003591440983866386, 0.49938564904232974, 0.866379728475866
0.00014939978316725922, 0.49984936043969697, 0.8661123447928094
0.0, 0.49999999999999334, 0.8660254037844426
0.0, 0.4999999999999932, 0.8660254037844425
-0.00022359289511132168, 0.49964889549919944, 0.8662279893719667
-0.06324125025130725, 0.4569050071420624, 0.8863075366988924
-0.18744492070949054, 0.36064248122920434, 0.9121405338547095
-0.287495924287244, 0.26625717358669215, 0.9173249956022076
-0.37944645589303516, 0.16150541943949998, 0.905483029557419
-0.4434212265306609, 0.08171978199402609, 0.8906219140369038
-0.4993470767056007, 0.0004703979745726958, 0.8664017629320604
-0.4998549823486379, 0.00011669826850850487, 0.8661090962914703
-0.49991502165788276, -6.452247301457863e-05, 0.8660744400521054
-0.4995253211619249, -0.000346434407504972, 0.8662990837996403
-0.486584218690496, -0.019033450749562385, 0.8723144578418007
-0.42510037600329964, -0.10777771498267044, 0.8981892154266844
-0.3605343911237527, -0.18877755332345275, 0.9132540000793941
-0.29458722401429766, -0.26119362004169216, 0.9191792081157375
-0.22380011819406614, -0.3297671957777283, 0.9171439505620204
-0.14504434166161867, -0.3967604665603186, 0.9063900189345517
-0.04841450836619567, -0.46770375460689223, 0.8825582162769113
-0.0003495061328857784, -0.4994745941909246, 0.8663284640364819
-0.00017295593864708654, -0.4998613078839107, 0.8661054456397498
-2.0245125469562585e-15, -0.5000000000000042, 0.8660254037844363
-4.765713312217086e-15, -0.5000000000000041, 0.866025403784436
0.0002580394775812542, -0.49966583228980566, 0.8662182112197658
0.03350989235782369, -0.4776598318914085, 0.8778758427209366
0.15057104862399986, -0.39208387890630897, 0.907157148641468
0.2424891352075164, -0.31174652141132103, 0.9177626905847662
0.32427801106025234, -0.22806555332582631, 0.9160149438969514
0.4011650132577522, -0.1355860106356882, 0.9017552951090876
0.4677872813360667, -0.041369898595356176, 0.8753667817578229
0.47344663821684596, -0.03620731610609415, 0.8753346942503948
0.4810674396678769, -0.027190506826096143, 0.874093318978798
0.493921492462463, -0.008663770612493118, 0.869251833922307
0.49899335663508787, 0.0005727455627668654, 0.8666053611458995
0.45008551796745067, 0.07273363554662883, 0.8884625790617463
0.4028365887169222, 0.13220791378169966, 0.8996953791804324
0.3482852460819629, 0.19652637128900802, 0.9090748894377693
0.2792419087489803, 0.2720022574684943, 0.9150117370997004
0.20578369663818297, 0.34174056556646426, 0.911622996131325
0.1207720532136857, 0.4115613685764523, 0.8975292399509462
0.05631445287861757, 0.46078475677482883, 0.8829431701144719
0.0006516007068079852, 0.49930738471339364, 0.8664243033209975
0.0, 0.49999999999999345, 0.8660254037844424
0.0, 0.49999999999999345, 0.8660254037844424
-0.00027648294737666625, 0.4997154960180104, 0.8661895537171753
-0.01678408936866432, 0.4885600265206318, 0.8721223568684306
-0.1087674173840816, 0.42366443444505436, 0.8977128415774205
-0.18812024864685561, 0.3591285437228051, 0.9113544036722147
-0.2567986202843746, 0.2951409216446834, 0.9156369185452621
-0.31983708024421087, 0.228066363913719, 0.911965929875761
-0.3761023171392103, 0.160560855055174, 0.9012250579396452
-0.4074011233829603, 0.12635757157797156, 0.8983963053577084
-0.4407445437588775, 0.0851680514751823, 0.89127567101447
-0.48226914675455457, 0.0264644462222554, 0.8754130161580413
-0.4993220482869235, 0.00010264534390913867, 0.8664162000036284
-0.48337306825109283, -0.02420749404598246, 0.8734995461480907
-0.469935276090788, -0.04076107082697491, 0.8765161925353351
-0.42695922420937016, -0.10107480138630523, 0.8936197323537538
-0.3537618180377374, -0.1942213762561394, 0.9120195826670123
-0.2803193532958767, -0.2742325280087958, 0.9180535825351419
-0.20094701932251308, -0.34935399303355796, 0.9141182673955552
-0.11235025463880849, -0.4220459222565096, 0.8995789193141829
-0.0011302454749770074, -0.498753461542886, 0.8667431610022402
-2.24531623960728e-15, -0.5000000000000044, 0.866025403784436
-6.1115713980030165e-15, -0.5000000000000044, 0.866025403784436
0.0002949394634355968, -0.4997651045367847, 0.8661609280586554
0.0010980784257793963, -0.49878596777219736, 0.8667244949592952
0.07114107490832797, -0.4520236864495617, 0.8891476680784105
0.14209180780850744, -0.3991074689551493, 0.9058045078655625
0.2031021548666557, -0.3482581734744601, 0.9150984484007911
0.2592447037165238, -0.2964853809978149, 0.9191304991091621
0.3123814168583361, -0.24255441334603806, 0.9183996521594123
0.36348940700489546, -0.18541726704039566, 0.9128569962821336
0.4139251293645244, -0.12291359200388526, 0.901812034891621
0.4685395192300127, -0.04685121494319219, 0.881848267569174
0.4991340281899549, -0.0008354596016283394, 0.8665238369687438
0.4999455115905217, -0.00011108526692986604, 0.8660568350817888
0.499637429630922, 0.0003637203495010117, 0.8662345343710578
0.4677437055426916, 0.04768458953270756, 0.8817697686668723
0.3860839958386392, 0.15798243839177276, 0.9084227237615039
0.305817310717567, 0.24935440407118886, 0.918612916430608
0.2201168047387429, 0.33299687566648495, 0.9167133854768087
0.12324652928962489, 0.41371920328468337, 0.9019172801282167
0.0016485567668440598, 0.49834310686478656, 0.8669780492555103
0.0, 0.4999999999999939, 0.8660254037844424
0.0, 0.4999999999999939, 0.8660254037844423
-0.00032993360199523955, 0.49977132262556234, 0.8661573269035441
-0.0010194224944803272, 0.4989111299654915, 0.8666525360260621
-0.06149129960049557, 0.45871122235098416, 0.8863740885693957
-0.1329614207326681, 0.40624226007896236, 0.9039659941983132
-0.1936576044541792, 0.35644958145339734, 0.9139420683154629
-0.24928155056929008, 0.3060034230174686, 0.9187187060285219
-0.3017421210000818, 0.253727464051296, 0.9188905343492209
-0.35201343129924767, 0.19871227740381875, 0.9145116552329008
-0.4012982683522474, 0.13916952558133897, 0.9051172276316102
-0.45268199047919194, 0.06989692359725069, 0.8885780624378626
-0.49842918600464486, 0.0016259949736762336, 0.8669283352751139
-0.49983969168609554, 0.00027561635872288924, 0.8661178760237874
-0.4998188478814962, -0.00028144837445700957, 0.8661298991648405
-0.4896331603454022, -0.014745818221015363, 0.8712030440168601
-0.40386062706667913, -0.13587549934093848, 0.904445158965413
-0.32068515218678445, -0.23363517552980945, 0.917823956591666
-0.2329734711492655, -0.3213424050910477, 0.9178213642143932
-0.13409611315617195, -0.4054229907702655, 0.9042397785128043
-0.002166868058795587, -0.4979327521863608, 0.8672129375089672
-2.4610471236239057e-15, -0.5000000000000046, 0.866025403784436
-7.633997963032475e-15, -0.5000000000000047, 0.866025403784436
0.00036747564215489347, -0.49977510415024295, 0.8661551297343474
0.001949818208198506, -0.49837041771227564, 0.8669434060699822
0.05704461291327252, -0.46170875322475835, 0.885008157283073
0.1302982004590573, -0.4082287041917446, 0.9033338578298752
0.1922767631047854, -0.3575229817754474, 0.913656786200457
0.24916548206947908, -0.3059545443212079, 0.9185657603840169
0.3029987994057185, -0.2522023195466718, 0.9186363731917188
0.35502383762741985, -0.194938198186409, 0.9137979960357798
0.40684548211437743, -0.1315674761826719, 0.9032019643648596
0.4580292748030016, -0.061687194949712344, 0.8857672963948824
0.4985232211889864, -0.001605473868444945, 0.8668741012544725
0.4997703433919918, -0.00013309602382000437, 0.8661578633876723
0.4932964417038722, 0.010128095742650944, 0.8696048916747396
0.46519315279377277, 0.04880558076148443, 0.8801849616085013
0.3803060958866993, 0.16378606411725857, 0.9084308074329104
0.29793920011836195, 0.25692099338916563, 0.9183233726051119
0.21184141493676723, 0.34010027874063165, 0.9156224965147213
0.11541129794683747, 0.4195540977250646, 0.9000471320391119
0.001923006879989279, 0.4982185406954876, 0.8670492603181374
0.0, 0.4999999999999942, 0.866025403784442
0.0, 0.4999999999999942, 0.866025403784442
-0.0004991907208352955, 0.49965122112204385, 0.8662265120989479
-0.012741686814147286, 0.49128479499608346, 0.870802453436287
-0.08438810678398329, 0.4422050440263097, 0.8922889201462494
-0.15438279590470666, 0.38894971711923687, 0.9077193970713925
-0.21549162288893658, 0.3369100815644702, 0.9160517487867224
-0.2721392907873279, 0.28349691726139403, 0.919042201452688
-0.32609856783522817, 0.22738659569548497, 0.9170385623642275
-0.3787953971528585, 0.16673298774924367, 0.9097208546215064
-0.4324533362921763, 0.09767459176392429, 0.8955683252331943
-0.484650416606333, 0.022121398070243093, 0.8733863109696527
-0.49941552265401346, 0.0007744340092644403, 0.8663614860685376
-0.4997391433828319, -0.00029260831769228467, 0.8661758316289336
-0.4826146677363281, -0.02609991157132476, 0.8753023193881161
-0.41775309325978355, -0.11627729207484924, 0.89902804050513
-0.3426712899468999, -0.20878349817139305, 0.9151733732312055
-0.2670890566494127, -0.28862722039612987, 0.9191156523493125
-0.1871466855392339, -0.3620513663014086, 0.9130821435729047
-0.09667113188955466, -0.43372726842933484, 0.8958423153878589
-0.0016791457012295273, -0.49850432920429794, 0.8668855831274893
-2.6647893185501697e-15, -0.5000000000000046, 0.8660254037844359
-9.373679715099109e-15, -0.5000000000000047, 0.8660254037844359
0.0006342961222446207, -0.49952529080655966, 0.8662990699088571
0.023904154512695654, -0.4839488068957474, 0.8747413800044084
0.1093007454078825, -0.42435975824246475, 0.8988440619800595
0.17586295622652226, -0.37164134407729615, 0.9115256518399772
0.23588280703195869, -0.31862982613750557, 0.917996226446236
0.29213753635427125, -0.263682272167855, 0.9192101766762375
0.3461270368021013, -0.20544919875141376, 0.915265473853703
0.3994958702809787, -0.14145108946062415, 0.9055101448335172
0.4545762077633617, -0.06707997332678109, 0.8876936952415195
0.498339229277018, -0.0019497630363783528, 0.866979362985315
0.499888042305801, -0.00021361594269509753, 0.8660899684334558
0.49923267946842664, 0.0010498928960596672, 0.8664664412085078
0.4641888080477754, 0.05287509064159504, 0.8833815920641808
0.39103416200681385, 0.15195200781585017, 0.9073760002326792
0.322028514829218, 0.23205835889664334, 0.9175973143343646
0.2504839561198773, 0.3047937429003108, 0.9187050719463493
0.17352467124589196, 0.3735296425503008, 0.911100545131452
0.08481888640466431, 0.4422528609209641, 0.8927463347028639
0.0015245929894416575, 0.49868296329186945, 0.8667830821119668
0.0, 0.49999999999999456, 0.8660254037844418
0.0, 0.49999999999999456, 0.8660254037844418
-0.0007803857894967709, 0.4994158003143814, 0.8663620560476581
-0.03631120951177516, 0.47573921645321215, 0.8787033515598037
-0.11938100322415855, 0.4167278351687017, 0.9010694124989098
-0.18625857872117435, 0.36281914460031417, 0.9129577342376269
-0.24715756318052506, 0.30800490302999145, 0.918599575618332
-0.30448188826863676, 0.250837698383361, 0.9187441067463643
-0.35964355708726664, 0.18988353945615125, 0.9133683598318236
-0.4145002177522015, 0.12213828079477529, 0.9015529953906055
-0.47312642634723956, 0.03989610709660453, 0.8796007531605308
-0.49908673664322856, 0.001185532625757717, 0.866550650019513
-0.4999413115628979, -7.637067390792205e-05, 0.8660592436186205
-0.4983883086680241, -0.0020051568202737674, 0.866950888940099
-0.4423141845281481, -0.084400704192974, 0.8923846781091365
-0.37418885971530447, -0.17269869193875734, 0.9109403727655146
-0.3070930139771239, -0.248138296037299, 0.9186624608913153
-0.23700038482515143, -0.3176056575090969, 0.9180780205371808
-0.16118991200330968, -0.38382129967335255, 0.9092123479527978
-0.0729823009230767, -0.450766034077252, 0.8896532941527028
-0.0013700402777626394, -0.4988615973793663, 0.8666805810964869
-2.8469674662344157e-15, -0.5000000000000048, 0.8660254037844359
-1.1386857969423277e-14, -0.5000000000000047, 0.8660254037844359
0.0009211153089788584, -0.49931140141552693, 0.8664221118170058
0.04577763705996309, -0.46947086600455235, 0.881721130834414
0.12696745220431, -0.41099237127833843, 0.9027481381914475
0.1944958236410272, -0.35582667219300873, 0.9140887124012477
0.25671233023618123, -0.2989610938540631, 0.9190739607535523
0.31578490553850563, -0.2389504806493317, 0.9181969670106922
0.3732968021902406, -0.173815005388529, 0.9111337657501013
0.4311697769973929, -0.0998170984557865, 0.8963341784663171
0.4865433613858989, -0.020074036262007374, 0.8733216492326823
0.4995825757663226, -0.0006833804275369985, 0.8662659407977817
0.4998796116561329, 0.00037037829608592063, 0.8660947635294699
0.4976222896242737, 0.002969679662028975, 0.8673880024413071
0.4314233790682632, 0.09980986614025238, 0.8965740923509522
0.3654208225226488, 0.18327031868452576, 0.9125838729214786
0.29892235866906935, 0.2567282804573766, 0.919052449459077
0.22876799449697635, 0.3252221334507555, 0.9174967767683286
0.1517829200873595, 0.3914181979555956, 0.9075338919089324
0.06040474257430818, 0.45944164163663354, 0.8860124608225741
0.001226495355658836, 0.4990788178535238, 0.866555679624117
0.0, 0.49999999999999506, 0.8660254037844415
0.0, 0.499999999999995, 0.8660254037844415
-0.0009624563159949099, 0.4993527511081238, 0.8663982338684881
-0.03058382118562599, 0.4794803729877443, 0.8768191920790185
-0.12249011767170462, 0.41443070203605414, 0.9017824228295943
-0.19538553677698645, 0.35506331991269946, 0.9141953966639262
-0.2616351274110153, 0.2941903668087526, 0.9192150771469245
-0.3243917273544321, 0.22965308395202733, 0.9175458880458449
-0.38582657710548973, 0.15861051222009148, 0.9086608622016812
-0.4488663943500431, 0.07530442319398407, 0.890017701384472
-0.4948051661391593, 0.007645652501673997, 0.8688655886813099
-0.4998266464373306, 0.000443396701395317, 0.8661252936439652
-0.49970459427618263, -0.000667352228142456, 0.8661955765760434
-0.4969267466836936, -0.0039212940440565384, 0.8677830560420625
-0.42637648768327235, -0.1066545640425448, 0.8982128872924938
-0.35982299922701494, -0.18985640780431937, 0.9134809460148579
-0.29264484206521857, -0.26322992358247976, 0.9192606897076041
-0.2215265824103637, -0.33186788324278643, 0.9169335586242707
-0.14278127491048853, -0.3986660364024627, 0.905907213883726
-0.047830946231960915, -0.46811419644385144, 0.8823722788181294
-0.0010829504339161893, -0.49929603832732095, 0.8664307781519538
-2.993932395296696e-15, -0.5000000000000047, 0.866025403784436
-1.3755584412607535e-14, -0.5000000000000046, 0.866025403784436
0.0010499687068427806, -0.49935565209038546, 0.8663964176231347
0.02683396066957154, -0.4815759310969685, 0.8752121328641524
0.13472259609821896, -0.4039674551885018, 0.9034026612378494
0.22125335863891088, -0.3300147825315751, 0.9149506269132054
0.3025781692377968, -0.24851499499091573, 0.9148402437349854
0.37158200281816256, -0.16891114991666673, 0.9047846134632127
0.41945828760632564, -0.11290515329460378, 0.8970425038823983
0.4683197873575214, -0.047232750016424414, 0.8816366617664901
0.49906549293677754, -0.0007689524491018622, 0.8665631645054683
0.49677760348311695, 0.004430689731688935, 0.8678184546832601
0.473017244731211, 0.03903816119484859, 0.8775831072544442
0.4460480846070822, 0.07283574466109809, 0.8846908356223102
0.37368514852618173, 0.16874531221690822, 0.906868753024404
0.30369334076077537, 0.24809363087518854, 0.9154372298763462
0.23020491784554575, 0.32056916645070177, 0.9145139865285659
0.14927513632270364, 0.38997129997283275, 0.9039009350764785
0.07326189625246636, 0.4479830073486179, 0.8867800617801017
0.024596105548457495, 0.48365150936404777, 0.8744323169732349
0.0009127261899457173, 0.4995375276611136, 0.8662917053478512
0.0, 0.49999999999999556, 0.8660254037844412
0.0, 0.49999999999999556, 0.8660254037844412
-0.001518290956369091, 0.4989769274034067, 0.866613705656069
-0.07601721296006829, 0.44730866036229494, 0.8891023202870735
-0.1887142800539595, 0.3588821952308337, 0.9115988819249996
-0.2849240294415881, 0.2681714270499096, 0.9166539626558463
-0.3781420196863908, 0.16320300541527744, 0.9058277614189216
-0.4552600391828691, 0.058951852147409084, 0.880037161912879
-0.47284129160609206, 0.03833561190660345, 0.8765429372286986
-0.489450863236337, 0.015715145940042436, 0.8712237739640277
-0.4993144491645202, -0.0005165511848581959, 0.8664199539176343
-0.4914903117538273, -0.012358065897936718, 0.8707587923803053
-0.43320752216473457, -0.09624253775219192, 0.8945505757846726
-0.3769173338925772, -0.16646712757921417, 0.9075732186943173
-0.3094933414629416, -0.2440135057776418, 0.917075947464459
-0.24014582486869185, -0.31378918249239657, 0.9174372769722408
-0.164602148284268, -0.3806587363455508, 0.9093834625754396
-0.07766207833197242, -0.44745907389635575, 0.890891068882627
-0.004033484612581299, -0.49705791962802104, 0.8676978179638151
-0.00136042026817777, -0.49918913955307953, 0.8664914517231851
-0.0007425019462435874, -0.4997790169946464, 0.866152632543898
-3.085536769900075e-15, -0.5000000000000044, 0.866025403784436
-1.6594868155457924e-14, -0.5000000000000044, 0.866025403784436
0.0019390632529112661, -0.4986369071282794, 0.8668087868440774
0.11459390173635212, -0.4204306834623258, 0.8999874882502249
0.2188425510291483, -0.33318918868110914, 0.9156659005951162
0.30857178510096755, -0.24396663909914554, 0.916151440882445
0.3928765484867776, -0.14400954535846666, 0.9016977631908176
0.46461070692747036, -0.04174623707049966, 0.8726394120017283
0.46624154330827855, -0.0413662551919395, 0.8730235234604524
0.4678168312227257, -0.04060871047241525, 0.8740679149217098
0.4699823222071231, -0.037895805161224, 0.8751468751340217
0.4662081591406311, -0.02215298773093801, 0.8797282385906011
0.41867236904161304, 0.06199055785665771, 0.9005623161167129
0.38321259617410663, 0.12869265071134608, 0.9069687377852337
0.34639578150213274, 0.19342737084936304, 0.9063614844726642
0.2986265193594837, 0.24182010321835265, 0.9047692781479344
0.2603548339710649, 0.2714936313635691, 0.8964862315516273
0.2011375747465115, 0.3266178620340394, 0.8933054387367174
0.13331053228968653, 0.3894383524543845, 0.888079096506884
0.09916553076429221, 0.4255662183434411, 0.8895690391621267
0.03875811835243039, 0.47395380939753906, 0.8784094920795638
0.0, 0.4999999999999962, 0.8660254037844408
0.0, 0.49999999999999634, 0.8660254037844408
-0.0014741686810711696, 0.49916579991653953, 0.8665049006327659
-0.05788205998310761, 0.45989816032562225, 0.8832266642284012
-0.11271736073803842, 0.4146486889962423, 0.8927719006860597
-0.19005401142514106, 0.3492099086271086, 0.9039111504999816
-0.2566405345792806, 0.2828782644419069, 0.9040875905281969
-0.3133273566032173, 0.21769772696280482, 0.8958621817010087
-0.33738143295481693, 0.1974191951924847, 0.899079069902017
-0.36104081386080256, 0.1754022511340372, 0.9007509237713498
-0.38487723382148425, 0.15069526274413517, 0.9005646092463466
-0.4073318819159645, 0.11792805161004072, 0.8995330333362064
-0.41570449842186763, 0.057158156031059226, 0.901416884676871
-0.4332684315944357, -0.0019328741974391009, 0.8933823422650542
-0.44657789857093455, -0.06132227174554543, 0.8807355336086699
-0.43294309240980033, -0.0800130187475868, 0.8789556224090529
-0.42978292902794163, -0.07999700539425122, 0.8752460398665679
-0.3762761114652487, -0.1552802706529483, 0.8967894008565142
-0.29223000679047556, -0.2571545550491134, 0.9131453902047654
-0.20392718142687913, -0.34670788793469737, 0.9142894847239997
-0.07677373476061086, -0.4481286017990466, 0.8906663516157658
-3.090745543006047e-15, -0.5000000000000041, 0.8660254037844362
-2.0092623652512814e-14, -0.5000000000000042, 0.8660254037844363
0.001010490936287744, -0.4996936730794041, 0.8662015999752255
0.0019106220042925694, -0.49885134324166186, 0.866685449875653
0.015333503709493603, -0.4894941802992719, 0.8718585874565892
0.08717212651426137, -0.44069994781452704, 0.8934037442439187
0.1445183695932634, -0.3973431334954626, 0.9062130815899644
0.19533412396080657, -0.35514326784456113, 0.9141719385509232
0.24242285611125466, -0.3125785893718125, 0.918434098591467
0.28690631276646517, -0.26910158120048844, 0.9193838753760236
0.3294869244070798, -0.2241714064451163, 0.917161287918634
0.37165151255137663, -0.17598796984353468, 0.9115390171978128
0.4138133895704547, -0.12340810381197671, 0.9019580325238578
0.4578439682511784, -0.0628934372298554, 0.8868027351259912
0.4963089118453471, -0.005327612470869529, 0.8681287480245298
0.49988625348854077, -0.0006662441410024543, 0.8660908073006856
0.49890920581835774, 0.001936829777165618, 0.8666519637148469
0.4240332449694516, 0.10986657048115707, 0.8989193163234415
0.3194103495817201, 0.23510998928019516, 0.9179773992749435
0.21012862623109152, 0.34214708415933254, 0.9158494317973449
0.07880993851274358, 0.44669167993397346, 0.8912065047079942
0.0, 0.4999999999999969, 0.8660254037844404
0.0, 0.499999999999997, 0.8660254037844405
-0.0011968074810300266, 0.4996319602324689, 0.8662369376765601
-0.002363113158104587, 0.49856981659451227, 0.8668461478903546
-0.02490970595612916, 0.48326659612556255, 0.8750390403911141
-0.09319828813983942, 0.4363354964640114, 0.8949127304799285
-0.14897905642059567, 0.3937890602926809, 0.9070299132140481
-0.19862702483886244, 0.35228044813563597, 0.9145641171061507
-0.24473381954802925, 0.3104000590106436, 0.918557428469161
-0.2884195238722512, 0.2675619336047733, 0.9193587747985965
-0.3302422914761453, 0.22334659457705064, 0.9170906292643248
-0.3717283307839855, 0.17590901330024628, 0.9115229325937997
-0.4132514521158597, 0.124161392178608, 0.9021122199674866
-0.45652671354454033, 0.06480414864780772, 0.88734406476832
-0.49556000465756633, 0.006485206176857657, 0.8685485971255966
-0.4998826583433783, 0.0007313458479777852, 0.8660928298047288
-0.49864217563654606, -0.0023547425270423945, 0.8668046288033087
-0.4189139666541495, -0.11670933875500374, 0.9004736884721218
-0.3164901996583528, -0.23825223098081805, 0.9181849752449218
-0.20933042517734263, -0.3428632468079333, 0.9157649322705088
-0.08084614228996954, -0.4452547580510532, 0.8917466578068729
-2.959132406919621e-15, -0.500000000000004, 0.8660254037844363
-2.4545329063185264e-14, -0.500000000000004, 0.8660254037844364
0.001383733792403108, -0.49957003017393975, 0.8662723991733907
0.002839645457904645, -0.49827309662220665, 0.8670154326975235
0.03441874010632704, -0.47707037473920855, 0.8781811125631297
0.09929947644488249, -0.43190420439910826, 0.8964275532174154
0.15366209720840848, -0.3900429242100979, 0.9078753387592977
0.20233234393376343, -0.34904314773824296, 0.9149932044403897
0.24766191419531092, -0.3076255708636044, 0.9187011504788275
0.2908186732438342, -0.2651068599399409, 0.9193055594923234
0.3322378901612399, -0.22114640209908562, 0.9168909006032174
0.3734296620905038, -0.1738776523900496, 0.9112024684315854
0.4148594978557585, -0.12206049691986177, 0.9016416535027056
0.45810868887782885, -0.06250036732646537, 0.8866677421581673
0.49569216970146296, -0.0064308509826238175, 0.8684732007573566
0.49991059907914426, -0.0005332306948601037, 0.8660767573332281
0.4967995008333206, 0.0049539567620867945, 0.8678387827613148
0.4092302425809672, 0.12923366866566036, 0.9030555022027815
0.30926582210198084, 0.24587978115809236, 0.918565975872695
0.20401934664435184, 0.3475479892926854, 0.9151667662963449
0.07790500710840394, 0.4473489311480441, 0.8909523426618795
0.0, 0.4999999999999976, 0.8660254037844399
0.0, 0.4999999999999976, 0.8660254037844399
-0.0016538047923253126, 0.49947669987295046, 0.8663256932158347
-0.0037139159333242928, 0.49772362301589346, 0.8673270667101632
-0.04222217281872363, 0.47186725400602636, 0.8806052486152063
-0.10543907245975509, 0.4273701031365118, 0.8978743137623584
-0.15909499993443413, 0.38563432032667133, 0.9088051866657543
-0.20730687385530402, 0.3446485728907823, 0.9155321864361947
-0.2521859017703175, 0.30330826147150763, 0.9188961193301635
-0.2951318849707861, 0.26067334582313484, 0.919190960863332
-0.3364661286875218, 0.21646995358059884, 0.9164586226882008
-0.37754652675037004, 0.16894288288126388, 0.9104294549756613
-0.41908252779048916, 0.11651975383118551, 0.9004184036148559
-0.46263827332317053, 0.05591178605072739, 0.88475350465943
-0.4967051026906116, 0.005164831823785253, 0.8679027311181786
-0.49996898089313285, 8.055830389834545e-05, 0.8660432186230203
-0.49403709835089715, -0.008824460941802345, 0.8693873414456658
-0.3979610478330231, -0.14372100464478296, 0.9059852317568908
-0.3011704848535883, -0.25441368484832144, 0.9189809383042017
-0.19840048870050375, -0.35250331217993314, 0.914533533420439
-0.07496387193893203, -0.4494431042363587, 0.8901580275200067
-2.6029311135829274e-15, -0.5000000000000036, 0.8660254037844365
-3.047900165451891e-14, -0.49965743174357796, 0.8662069445232441
0.002278789981864422, -0.49665194488343767, 0.8678094068879798
0.009721596656010065, -0.4891803324698093, 0.8713268644490507
0.05808744172886014, -0.45428358080551884, 0.8875760671515628
0.12086718527000398, -0.40684453869182025, 0.9038960829361672
0.1751919555868296, -0.3611490203893492, 0.914078084380288
0.22471962516687996, -0.31516000767721336, 0.9198528663011908
0.2716759456175315, -0.26714958872624206, 0.9217871803266162
0.3182447498872816, -0.21426864468284568, 0.9197023475505519
0.3624780424378394, -0.1615696368159194, 0.9125488197071835
0.39412388698046263, -0.12423525158365174, 0.9074568260974125
0.42449670718233606, -0.07925970978356563, 0.9003098964437065
0.440282986969985, -0.01315143383468274, 0.8950203753835415
0.4421775806688655, 0.0440397291557134, 0.8896482201988984
0.4218062868705088, 0.07151758366933444, 0.8927692088426317
0.39266504314855727, 0.10303798399851001, 0.8979122007551694
0.30799075413455645, 0.20853646187588915, 0.9200821735794087
0.22495038570034281, 0.2931411661684215, 0.9248412980938202
0.13692314225021407, 0.36880003326027316, 0.9171555523670469
0.0418679703112257, 0.44010092854809546, 0.8962912552951128
1.0224769885132206e-19, 0.46794423548103004, 0.883013046581631
0.0, 0.4676016672245657, 0.8831945873204592
-0.006861844782850859, 0.46148119252444, 0.8862281997289252
-0.046813136313292474, 0.4316691351264481, 0.8978789816328985
-0.10319545696968133, 0.38834160007910756, 0.9120449798806549
-0.16176976926117292, 0.33989548710017914, 0.9231355922479859
-0.21389126799269545, 0.2918881296266423, 0.9290460744598394
-0.26269083477987754, 0.24215661474962522, 0.9307758336569891
-0.3103309680532869, 0.18832971572843904, 0.9283511028484996
-0.3589733247655667, 0.12661449130740984, 0.9208957870320165
-0.4091108707816324, 0.057661964985261126, 0.905277041570365
-0.4220163560035445, 0.041722085915263545, 0.9024962963475545
-0.42995138629750485, 0.01924370233881902, 0.9012886251058284
-0.4015043917269861, -0.048932085042097125, 0.912698201103118
-0.3628177724172359, -0.11408157298231766, 0.9214167694483156
-0.3173701542821699, -0.16685079321319385, 0.9284877146509587
-0.2678407298948984, -0.21844571914262562, 0.9326800002882303
-0.2071519829986121, -0.2791766769492192, 0.9355155897886889
-0.14418490494552197, -0.3333469946192774, 0.931090147600659
-0.07529672845081485, -0.38491017616193063, 0.9198408710367261
-0.008772068675013404, -0.43075875286588455, 0.902424483068023
-1.7081032054796912e-15, -0.4358884709620618, 0.9000006893788225
